0 0 2 0
0 0.25 1.98769 4.69303
0 0.5 1.95106 9.27051
0 0.75 1.89101 13.6197
0 1 1.80902 17.6336
0 1.25 1.70711 21.2132
0 1.5 1.58779 24.2705
0 1.75 1.45399 26.7302
0 2 1.30902 28.5317
0 2.25 1.15643 29.6307
0 2.5 1 30
0 2.75 0.843566 29.6307
0 3 0.690983 28.5317
0 3.25 0.54601 26.7302
0 3.5 0.412215 24.2705
0 3.75 0.292893 21.2132
0 4 0.190983 17.6336
0 4.25 0.108993 13.6197
0 4.5 0.0489435 9.27051
0 4.75 0.0123117 4.69303
0 5 0 3.67382e-015
0 5.25 0.0123117 -4.69303
0 5.5 0.0489435 -9.27051
0 5.75 0.108993 -13.6197
0 6 0.190983 -17.6336
0 6.25 0.292893 -21.2132
0 6.5 0.412215 -24.2705
0 6.75 0.54601 -26.7302
0 7 0.690983 -28.5317
0 7.25 0.843566 -29.6307
0 7.5 1 -30
0 7.75 1.15643 -29.6307
0 8 1.30902 -28.5317
0 8.25 1.45399 -26.7302
0 8.5 1.58779 -24.2705
0 8.75 1.70711 -21.2132
0 9 1.80902 -17.6336
0 9.25 1.89101 -13.6197
0 9.5 1.95106 -9.27051
0 9.75 1.98769 -4.69303
0.0025 0 1.92006 -1.70563e-016
0.0025 0.25 1.61671 3.77545
0.0025 0.5 1.1748 5.5366
0.0025 0.75 0.870537 6.23558
0.0025 1 0.674106 6.54628
0.0025 1.25 0.540921 6.70358
0.0025 1.5 0.445182 6.79107
0.0025 1.75 0.372793 6.8424
0.0025 2 0.315731 6.87265
0.0025 2.25 0.269171 6.88904
0.0025 2.5 0.23006 6.89493
0.0025 2.75 0.196372 6.89137
0.0025 3 0.166708 6.87758
0.0025 3.25 0.140061 6.85056
0.0025 3.5 0.115672 6.80362
0.0025 3.75 0.0929433 6.72263
0.0025 4 0.0713699 6.5758
0.0025 4.25 0.0504995 6.28302
0.0025 4.5 0.0300187 5.61397
0.0025 4.75 0.0108488 3.87676
0.0025 5 0.000888617 3.57983e-015
0.0025 5.25 0.0108488 -3.87676
0.0025 5.5 0.0300187 -5.61397
0.0025 5.75 0.0504995 -6.28302
0.0025 6 0.0713699 -6.5758
0.0025 6.25 0.0929433 -6.72263
0.0025 6.5 0.115672 -6.80362
0.0025 6.75 0.140061 -6.85056
0.0025 7 0.166708 -6.87758
0.0025 7.25 0.196372 -6.89137
0.0025 7.5 0.23006 -6.89493
0.0025 7.75 0.269171 -6.88904
0.0025 8 0.315731 -6.87265
0.0025 8.25 0.372793 -6.8424
0.0025 8.5 0.445182 -6.79107
0.0025 8.75 0.540921 -6.70358
0.0025 9 0.674106 -6.54628
0.0025 9.25 0.870537 -6.23558
0.0025 9.5 1.1748 -5.5366
0.0025 9.75 1.61671 -3.77545
0.005 0 1.83332 -2.52379e-016
0.005 0.25 1.40428 3.20868
0.005 0.5 0.928536 4.31393
0.005 0.75 0.656927 4.6674
0.005 1 0.497523 4.8076
0.005 1.25 0.394642 4.87463
0.005 1.5 0.322689 4.91085
0.005 1.75 0.269182 4.93181
0.005 2 0.227459 4.94414
0.005 2.25 0.193672 4.95093
0.005 2.5 0.16545 4.95361
0.005 2.75 0.141251 4.95266
0.005 3 0.120027 4.94781
0.005 3.25 0.101031 4.93791
0.005 3.5 0.0837149 4.92035
0.005 3.75 0.067652 4.88935
0.005 4 0.0524927 4.83117
0.005 4.25 0.0379248 4.70782
0.005 4.5 0.023663 4.38923
0.005 4.75 0.0098476 3.33878
0.005 5 0.00161907 3.41222e-015
0.005 5.25 0.0098476 -3.33878
0.005 5.5 0.023663 -4.38923
0.005 5.75 0.0379248 -4.70782
0.005 6 0.0524927 -4.83117
0.005 6.25 0.067652 -4.88935
0.005 6.5 0.0837149 -4.92035
0.005 6.75 0.101031 -4.93791
0.005 7 0.120027 -4.94781
0.005 7.25 0.141251 -4.95266
0.005 7.5 0.16545 -4.95361
0.005 7.75 0.193672 -4.95093
0.005 8 0.227459 -4.94414
0.005 8.25 0.269182 -4.93181
0.005 8.5 0.322689 -4.91085
0.005 8.75 0.394642 -4.87463
0.005 9 0.497523 -4.8076
0.005 9.25 0.656927 -4.6674
0.005 9.5 0.928536 -4.31393
0.005 9.75 1.40428 -3.20868
0.0075 0 1.74809 -3.1313e-016
0.0075 0.25 1.26638 2.81672
0.0075 0.5 0.799752 3.65397
0.0075 0.75 0.553117 3.89451
0.0075 1 0.414465 3.98386
0.0075 1.25 0.326998 4.02519
0.0075 1.5 0.266587 4.04718
0.0075 1.75 0.221996 4.05982
0.0075 2 0.18739 4.06727
0.0075 2.25 0.159457 4.07144
0.0075 2.5 0.136181 4.07321
0.0075 2.75 0.116261 4.07288
0.0075 3 0.0988176 4.07034
0.0075 3.25 0.0832297 4.06493
0.0075 3.5 0.0690427 4.05517
0.0075 3.75 0.0559085 4.03767
0.0075 4 0.0435476 4.00416
0.0075 4.25 0.0317206 3.93038
0.0075 4.5 0.0202246 3.72492
0.0075 4.75 0.00915057 2.95478
0.0075 5 0.00223236 3.26071e-015
0.0075 5.25 0.00915057 -2.95478
0.0075 5.5 0.0202246 -3.72492
0.0075 5.75 0.0317206 -3.93038
0.0075 6 0.0435476 -4.00416
0.0075 6.25 0.0559085 -4.03767
0.0075 6.5 0.0690427 -4.05517
0.0075 6.75 0.0832297 -4.06493
0.0075 7 0.0988176 -4.07034
0.0075 7.25 0.116261 -4.07288
0.0075 7.5 0.136181 -4.07321
0.0075 7.75 0.159457 -4.07144
0.0075 8 0.18739 -4.06727
0.0075 8.25 0.221996 -4.05982
0.0075 8.5 0.266587 -4.04718
0.0075 8.75 0.326998 -4.02519
0.0075 9 0.414465 -3.98386
0.0075 9.25 0.553117 -3.89451
0.0075 9.5 0.799752 -3.65397
0.0075 9.75 1.26638 -2.81672
0.01 0 1.66747 -3.39526e-016
0.01 0.25 1.16934 2.52482
0.01 0.5 0.718892 3.22551
0.01 0.75 0.489548 3.41383
0.01 1 0.364079 3.48022
0.01 1.25 0.286166 3.51009
0.01 1.5 0.232821 3.52577
0.01 1.75 0.193645 3.53475
0.01 2 0.163338 3.54006
0.01 2.25 0.138929 3.54306
0.01 2.5 0.118621 3.54441
0.01 2.75 0.101262 3.54433
0.01 3 0.0860761 3.54275
0.01 3.25 0.0725181 3.53925
0.01 3.5 0.0601904 3.53283
0.01 3.75 0.0487909 3.52118
0.01 4 0.0380807 3.49845
0.01 4.25 0.0278647 3.44669
0.01 4.5 0.0180026 3.29296
0.01 4.75 0.00864644 2.66353
0.01 5 0.00275567 3.12779e-015
0.01 5.25 0.00864644 -2.66353
0.01 5.5 0.0180026 -3.29296
0.01 5.75 0.0278647 -3.44669
0.01 6 0.0380807 -3.49845
0.01 6.25 0.0487909 -3.52118
0.01 6.5 0.0601904 -3.53283
0.01 6.75 0.0725181 -3.53925
0.01 7 0.0860761 -3.54275
0.01 7.25 0.101262 -3.54433
0.01 7.5 0.118621 -3.54441
0.01 7.75 0.138929 -3.54306
0.01 8 0.163338 -3.54006
0.01 8.25 0.193645 -3.53475
0.01 8.5 0.232821 -3.52577
0.01 8.75 0.286166 -3.51009
0.01 9 0.364079 -3.48022
0.01 9.25 0.489548 -3.41383
0.01 9.5 0.718892 -3.22551
0.01 9.75 1.16934 -2.52482
0.0125 0 1.59249 -3.4828e-016
0.0125 0.25 1.09708 2.29641
0.0125 0.5 0.662954 2.91835
0.0125 0.75 0.445938 3.07827
0.0125 1 0.329551 3.13212
0.0125 1.25 0.258212 3.1557
0.0125 1.5 0.209721 3.16792
0.0125 1.75 0.174259 3.1749
0.0125 2 0.146897 3.17902
0.0125 2.25 0.124898 3.18138
0.0125 2.5 0.106617 3.18249
0.0125 2.75 0.0910052 3.18253
0.0125 3 0.0773582 3.18146
0.0125 3.25 0.0651824 3.17898
0.0125 3.5 0.054119 3.17434
0.0125 3.75 0.0438969 3.16581
0.0125 4 0.0343047 3.1489
0.0125 4.25 0.0251774 3.10903
0.0125 4.5 0.0164237 2.98316
0.0125 4.75 0.0082714 2.43293
0.0125 5 0.00320766 3.00447e-015
0.0125 5.25 0.0082714 -2.43293
0.0125 5.5 0.0164237 -2.98316
0.0125 5.75 0.0251774 -3.10903
0.0125 6 0.0343047 -3.1489
0.0125 6.25 0.0438969 -3.16581
0.0125 6.5 0.054119 -3.17434
0.0125 6.75 0.0651824 -3.17898
0.0125 7 0.0773582 -3.18146
0.0125 7.25 0.0910052 -3.18253
0.0125 7.5 0.106617 -3.18249
0.0125 7.75 0.124898 -3.18138
0.0125 8 0.146897 -3.17902
0.0125 8.25 0.174259 -3.1749
0.0125 8.5 0.209721 -3.16792
0.0125 8.75 0.258212 -3.1557
0.0125 9 0.329551 -3.13212
0.0125 9.25 0.445938 -3.07827
0.0125 9.5 0.662954 -2.91835
0.0125 9.75 1.09708 -2.29641
0.015 0 1.52332 -3.39056e-016
0.015 0.25 1.04095 2.11129
0.015 0.5 0.621855 2.68397
0.015 0.75 0.413925 2.82706
0.015 1 0.304125 2.87329
0.015 1.25 0.2376 2.89299
0.015 1.5 0.192683 2.90307
0.015 1.75 0.159958 2.9088
0.015 2 0.134768 2.91219
0.015 2.25 0.114545 2.91415
0.015 2.5 0.0977584 2.9151
0.015 2.75 0.0834343 2.9152
0.015 3 0.0709207 2.91443
0.015 3.25 0.0597623 2.91256
0.015 3.5 0.0496287 2.90901
0.015 3.75 0.0402716 2.90239
0.015 4 0.0314996 2.88901
0.015 4.25 0.0231707 2.8563
0.015 4.5 0.0152337 2.74679
0.015 4.75 0.00798704 2.24451
0.015 5 0.00360181 2.89006e-015
0.015 5.25 0.00798704 -2.24451
0.015 5.5 0.0152337 -2.74679
0.015 5.75 0.0231707 -2.8563
0.015 6 0.0314996 -2.88901
0.015 6.25 0.0402716 -2.90239
0.015 6.5 0.0496287 -2.90901
0.015 6.75 0.0597623 -2.91256
0.015 7 0.0709207 -2.91443
0.015 7.25 0.0834343 -2.9152
0.015 7.5 0.0977584 -2.9151
0.015 7.75 0.114545 -2.91415
0.015 8 0.134768 -2.91219
0.015 8.25 0.159958 -2.9088
0.015 8.5 0.192683 -2.90307
0.015 8.75 0.2376 -2.89299
0.015 9 0.304125 -2.87329
0.015 9.25 0.413925 -2.82706
0.015 9.5 0.621855 -2.68397
0.015 9.75 1.04095 -2.11129
0.0175 0 1.45974 -3.415e-016
0.0175 0.25 0.995881 1.95728
0.0175 0.5 0.590399 2.49726
0.0175 0.75 0.38935 2.62996
0.0175 1 0.284489 2.67126
0.0175 1.25 0.221639 2.68838
0.0175 1.5 0.179475 2.69702
0.0175 1.75 0.148868 2.7019
0.0175 2 0.125358 2.7048
0.0175 2.25 0.106512 2.70649
0.0175 2.5 0.0908836 2.70733
0.0175 2.75 0.0775572 2.70747
0.0175 3 0.0659218 2.7069
0.0175 3.25 0.0555515 2.70543
0.0175 3.5 0.0461378 2.70259
0.0175 3.75 0.0374501 2.69723
0.0175 4 0.0293124 2.68617
0.0175 4.25 0.0216012 2.65806
0.0175 4.5 0.0143001 2.55855
0.0175 4.75 0.00776886 2.08682
0.0175 5 0.00394827 2.77065e-015
0.0175 5.25 0.00776886 -2.08682
0.0175 5.5 0.0143001 -2.55855
0.0175 5.75 0.0216012 -2.65806
0.0175 6 0.0293124 -2.68617
0.0175 6.25 0.0374501 -2.69723
0.0175 6.5 0.0461378 -2.70259
0.0175 6.75 0.0555515 -2.70543
0.0175 7 0.0659218 -2.7069
0.0175 7.25 0.0775572 -2.70747
0.0175 7.5 0.0908836 -2.70733
0.0175 7.75 0.106512 -2.70649
0.0175 8 0.125358 -2.7048
0.0175 8.25 0.148868 -2.7019
0.0175 8.5 0.179475 -2.69702
0.0175 8.75 0.221639 -2.68838
0.0175 9 0.284489 -2.67126
0.0175 9.25 0.38935 -2.62996
0.0175 9.5 0.590399 -2.49726
0.0175 9.75 0.995881 -1.95728
0.02 0 1.40135 -3.44298e-016
0.02 0.25 0.958684 1.82658
0.02 0.5 0.565597 2.34378
0.02 0.75 0.369884 2.46997
0.02 1 0.268808 2.50798
0.02 1.25 0.208843 2.5233
0.02 1.5 0.168869 2.53092
0.02 1.75 0.139955 2.5352
0.02 2 0.117793 2.53774
0.02 2.25 0.100052 2.53923
0.02 2.5 0.0853537 2.53999
0.02 2.75 0.0728289 2.54016
0.02 3 0.0618989 2.53972
0.02 3.25 0.0521616 2.53853
0.02 3.5 0.043326 2.53619
0.02 3.75 0.0351756 2.53171
0.02 4 0.0275469 2.52226
0.02 4.25 0.0203324 2.49722
0.02 4.5 0.0135463 2.40388
0.02 4.75 0.00760042 1.95237
0.02 5 0.00425491 2.63795e-015
0.02 5.25 0.00760042 -1.95237
0.02 5.5 0.0135463 -2.40388
0.02 5.75 0.0203324 -2.49722
0.02 6 0.0275469 -2.52226
0.02 6.25 0.0351756 -2.53171
0.02 6.5 0.043326 -2.53619
0.02 6.75 0.0521616 -2.53853
0.02 7 0.0618989 -2.53972
0.02 7.25 0.0728289 -2.54016
0.02 7.5 0.0853537 -2.53999
0.02 7.75 0.100052 -2.53923
0.02 8 0.117793 -2.53774
0.02 8.25 0.139955 -2.5352
0.02 8.5 0.168869 -2.53092
0.02 8.75 0.208843 -2.5233
0.02 9 0.268808 -2.50798
0.02 9.25 0.369884 -2.46997
0.02 9.5 0.565597 -2.34378
0.02 9.75 0.958684 -1.82658
0.0225 0 1.34773 -3.47359e-016
0.0225 0.25 0.927278 1.71388
0.0225 0.5 0.545595 2.21454
0.0225 0.75 0.354103 2.33675
0.0225 1 0.255971 2.37253
0.0225 1.25 0.198316 2.38655
0.0225 1.5 0.160125 2.39342
0.0225 1.75 0.1326 2.39725
0.0225 2 0.111548 2.39952
0.0225 2.25 0.0947167 2.40086
0.0225 2.5 0.0807852 2.40157
0.0225 2.75 0.0689215 2.40175
0.0225 3 0.0585737 2.40141
0.0225 3.25 0.0493587 2.40042
0.0225 3.5 0.0410002 2.39845
0.0225 3.75 0.033293 2.39461
0.0225 4 0.0260845 2.38631
0.0225 4.25 0.0192808 2.36335
0.0225 4.5 0.0129244 2.2737
0.0225 4.75 0.00747026 1.836
0.0225 5 0.00452796 2.5043e-015
0.0225 5.25 0.00747026 -1.836
0.0225 5.5 0.0129244 -2.2737
0.0225 5.75 0.0192808 -2.36335
0.0225 6 0.0260845 -2.38631
0.0225 6.25 0.033293 -2.39461
0.0225 6.5 0.0410002 -2.39845
0.0225 6.75 0.0493587 -2.40042
0.0225 7 0.0585737 -2.40141
0.0225 7.25 0.0689215 -2.40175
0.0225 7.5 0.0807852 -2.40157
0.0225 7.75 0.0947167 -2.40086
0.0225 8 0.111548 -2.39952
0.0225 8.25 0.1326 -2.39725
0.0225 8.5 0.160125 -2.39342
0.0225 8.75 0.198316 -2.38655
0.0225 9 0.255971 -2.37253
0.0225 9.25 0.354103 -2.33675
0.0225 9.5 0.545595 -2.21454
0.0225 9.75 0.927278 -1.71388
0.025 0 1.29845 -3.50607e-016
0.025 0.25 0.900246 1.61545
0.025 0.5 0.529174 2.10364
0.025 0.75 0.341085 2.22356
0.025 1 0.245261 2.25786
0.025 1.25 0.189482 2.27091
0.025 1.5 0.152768 2.27721
0.025 1.75 0.126404 2.2807
0.025 2 0.106283 2.28276
0.025 2.25 0.0902176 2.28399
0.025 2.5 0.0769316 2.28464
0.025 2.75 0.0656249 2.28483
0.025 3 0.0557676 2.28457
0.025 3.25 0.0469927 2.28374
0.025 3.5 0.0390362 2.28204
0.025 3.75 0.0317026 2.27868
0.025 4 0.0248484 2.27123
0.025 4.25 0.0183924 2.24967
0.025 4.5 0.0124027 2.16205
0.025 4.75 0.00737008 1.73405
0.025 5 0.00477247 2.37311e-015
0.025 5.25 0.00737008 -1.73405
0.025 5.5 0.0124027 -2.16205
0.025 5.75 0.0183924 -2.24967
0.025 6 0.0248484 -2.27123
0.025 6.25 0.0317026 -2.27868
0.025 6.5 0.0390362 -2.28204
0.025 6.75 0.0469927 -2.28374
0.025 7 0.0557676 -2.28457
0.025 7.25 0.0656249 -2.28483
0.025 7.5 0.0769316 -2.28464
0.025 7.75 0.0902176 -2.28399
0.025 8 0.106283 -2.28276
0.025 8.25 0.126404 -2.2807
0.025 8.5 0.152768 -2.27721
0.025 8.75 0.189482 -2.27091
0.025 9 0.245261 -2.25786
0.025 9.25 0.341085 -2.22356
0.025 9.5 0.529174 -2.10364
0.025 9.75 0.900246 -1.61545
0.0275 0 1.25309 -3.49506e-016
0.0275 0.25 0.876593 1.52857
0.0275 0.5 0.515493 2.00702
0.0275 0.75 0.330199 2.12582
0.0275 1 0.236192 2.15917
0.0275 1.25 0.181949 2.17151
0.0275 1.5 0.146477 2.17736
0.0275 1.75 0.121099 2.18058
0.0275 2 0.101771 2.18248
0.0275 2.25 0.0863603 2.18362
0.0275 2.5 0.0736269 2.18423
0.0275 2.75 0.0627971 2.18443
0.0275 3 0.05336 2.18422
0.0275 3.25 0.0449623 2.1835
0.0275 3.5 0.0373503 2.18202
0.0275 3.75 0.0303369 2.17903
0.0275 4 0.0237866 2.17222
0.0275 4.25 0.01763 2.15156
0.0275 4.5 0.0119593 2.06481
0.0275 4.75 0.00729376 1.6438
0.0275 5 0.00499255 2.25298e-015
0.0275 5.25 0.00729376 -1.6438
0.0275 5.5 0.0119593 -2.06481
0.0275 5.75 0.01763 -2.15156
0.0275 6 0.0237866 -2.17222
0.0275 6.25 0.0303369 -2.17903
0.0275 6.5 0.0373503 -2.18202
0.0275 6.75 0.0449623 -2.1835
0.0275 7 0.05336 -2.18422
0.0275 7.25 0.0627971 -2.18443
0.0275 7.5 0.0736269 -2.18423
0.0275 7.75 0.0863603 -2.18362
0.0275 8 0.101771 -2.18248
0.0275 8.25 0.121099 -2.18058
0.0275 8.5 0.146477 -2.17736
0.0275 8.75 0.181949 -2.17151
0.0275 9 0.236192 -2.15917
0.0275 9.25 0.330199 -2.12582
0.0275 9.5 0.515493 -2.00702
0.0275 9.75 0.876593 -1.52857
0.03 0 1.21127 -3.37294e-016
0.03 0.25 0.855605 1.45121
0.03 0.5 0.503955 1.92176
0.03 0.75 0.320999 2.04029
0.03 1 0.228421 2.07309
0.03 1.25 0.175445 2.08491
0.03 1.5 0.141025 2.09041
0.03 1.75 0.116494 2.09341
0.03 2 0.0978526 2.09518
0.03 2.25 0.0830085 2.09623
0.03 2.5 0.0707541 2.09681
0.03 2.75 0.0603383 2.09702
0.03 3 0.0512661 2.09685
0.03 3.25 0.043196 2.09623
0.03 3.5 0.0358833 2.09492
0.03 3.75 0.0291482 2.09222
0.03 4 0.0228624 2.08587
0.03 4.25 0.0169678 2.06576
0.03 4.5 0.0115785 1.97906
0.03 4.75 0.00723664 1.56323
0.03 5 0.00519163 2.14171e-015
0.03 5.25 0.00723664 -1.56323
0.03 5.5 0.0115785 -1.97906
0.03 5.75 0.0169678 -2.06576
0.03 6 0.0228624 -2.08587
0.03 6.25 0.0291482 -2.09222
0.03 6.5 0.0358833 -2.09492
0.03 6.75 0.043196 -2.09623
0.03 7 0.0512661 -2.09685
0.03 7.25 0.0603383 -2.09702
0.03 7.5 0.0707541 -2.09681
0.03 7.75 0.0830085 -2.09623
0.03 8 0.0978526 -2.09518
0.03 8.25 0.116494 -2.09341
0.03 8.5 0.141025 -2.09041
0.03 8.75 0.175445 -2.08491
0.03 9 0.228421 -2.07309
0.03 9.25 0.320999 -2.04029
0.03 9.5 0.503955 -1.92176
0.03 9.75 0.855605 -1.45121
0.0325 0 1.17264 -3.25505e-016
0.0325 0.25 0.836754 1.3818
0.0325 0.5 0.494118 1.84575
0.0325 0.75 0.313159 1.96461
0.0325 1 0.221701 1.99716
0.0325 1.25 0.169771 2.0086
0.0325 1.5 0.13625 2.01382
0.0325 1.75 0.112454 2.01664
0.0325 2 0.0944106 2.0183
0.0325 2.25 0.0800628 2.0193
0.0325 2.5 0.0682286 2.01985
0.0325 2.75 0.0581762 2.02006
0.0325 3 0.0494244 2.01992
0.0325 3.25 0.0416422 2.01938
0.0325 3.5 0.0345925 2.0182
0.0325 3.75 0.0281021 2.01574
0.0325 4 0.0220492 2.00974
0.0325 4.25 0.0163864 1.98989
0.0325 4.5 0.0112486 1.90262
0.0325 4.75 0.00719513 1.49078
0.0325 5 0.00537254 2.04578e-015
0.0325 5.25 0.00719513 -1.49078
0.0325 5.5 0.0112486 -1.90262
0.0325 5.75 0.0163864 -1.98989
0.0325 6 0.0220492 -2.00974
0.0325 6.25 0.0281021 -2.01574
0.0325 6.5 0.0345925 -2.0182
0.0325 6.75 0.0416422 -2.01938
0.0325 7 0.0494244 -2.01992
0.0325 7.25 0.0581762 -2.02006
0.0325 7.5 0.0682286 -2.01985
0.0325 7.75 0.0800628 -2.0193
0.0325 8 0.0944106 -2.0183
0.0325 8.25 0.112454 -2.01664
0.0325 8.5 0.13625 -2.01382
0.0325 8.75 0.169771 -2.0086
0.0325 9 0.221701 -1.99716
0.0325 9.25 0.313159 -1.96461
0.0325 9.5 0.494118 -1.84575
0.0325 9.75 0.836754 -1.3818
0.035 0 1.1369 -3.14989e-016
0.035 0.25 0.819648 1.31912
0.035 0.5 0.485654 1.77737
0.035 0.75 0.306431 1.89701
0.035 1 0.215843 1.92956
0.035 1.25 0.164776 1.94073
0.035 1.5 0.132029 1.94572
0.035 1.75 0.108874 1.9484
0.035 2 0.0913587 1.94997
0.035 2.25 0.0774493 1.95091
0.035 2.5 0.0659871 1.95144
0.035 2.75 0.0562567 1.95164
0.035 3 0.0477891 1.95154
0.035 3.25 0.0402622 1.95106
0.035 3.5 0.0334459 1.94999
0.035 3.75 0.0271726 1.94772
0.035 4 0.0213269 1.94196
0.035 4.25 0.0158717 1.92215
0.035 4.5 0.0109607 1.83389
0.035 4.75 0.00716641 1.4252
0.035 5 0.0055377 1.94529e-015
0.035 5.25 0.00716641 -1.4252
0.035 5.5 0.0109607 -1.83389
0.035 5.75 0.0158717 -1.92215
0.035 6 0.0213269 -1.94196
0.035 6.25 0.0271726 -1.94772
0.035 6.5 0.0334459 -1.94999
0.035 6.75 0.0402622 -1.95106
0.035 7 0.0477891 -1.95154
0.035 7.25 0.0562567 -1.95164
0.035 7.5 0.0659871 -1.95144
0.035 7.75 0.0774493 -1.95091
0.035 8 0.0913587 -1.94997
0.035 8.25 0.108874 -1.9484
0.035 8.5 0.132029 -1.94572
0.035 8.75 0.164776 -1.94073
0.035 9 0.215843 -1.92956
0.035 9.25 0.306431 -1.89701
0.035 9.5 0.485654 -1.77737
0.035 9.75 0.819648 -1.31912
0.0375 0 1.10377 -3.05594e-016
0.0375 0.25 0.803986 1.2622
0.0375 0.5 0.478307 1.71539
0.0375 0.75 0.300628 1.83612
0.0375 1 0.210705 1.86886
0.0375 1.25 0.160349 1.87985
0.0375 1.5 0.128268 1.88467
0.0375 1.75 0.105679 1.88722
0.0375 2 0.0886306 1.88871
0.0375 2.25 0.0751117 1.88961
0.0375 2.5 0.0639814 1.89012
0.0375 2.75 0.0545386 1.89033
0.0375 3 0.046325 1.89025
0.0375 3.25 0.0390265 1.88982
0.0375 3.5 0.032419 1.88885
0.0375 3.75 0.0263402 1.88672
0.0375 4 0.0206804 1.88113
0.0375 4.25 0.0154126 1.86119
0.0375 4.5 0.0107082 1.7716
0.0375 4.75 0.00714824 1.36552
0.0375 5 0.00568914 1.86209e-015
0.0375 5.25 0.00714824 -1.36552
0.0375 5.5 0.0107082 -1.7716
0.0375 5.75 0.0154126 -1.86119
0.0375 6 0.0206804 -1.88113
0.0375 6.25 0.0263402 -1.88672
0.0375 6.5 0.032419 -1.88885
0.0375 6.75 0.0390265 -1.88982
0.0375 7 0.046325 -1.89025
0.0375 7.25 0.0545386 -1.89033
0.0375 7.5 0.0639814 -1.89012
0.0375 7.75 0.0751117 -1.88961
0.0375 8 0.0886306 -1.88871
0.0375 8.25 0.105679 -1.88722
0.0375 8.5 0.128268 -1.88467
0.0375 8.75 0.160349 -1.87985
0.0375 9 0.210705 -1.86886
0.0375 9.25 0.300628 -1.83612
0.0375 9.5 0.478307 -1.71539
0.0375 9.75 0.803986 -1.2622
0.04 0 1.073 -2.9631e-016
0.04 0.25 0.789537 1.21025
0.04 0.5 0.471881 1.65884
0.04 0.75 0.2956 1.7809
0.04 1 0.206177 1.81398
0.04 1.25 0.1564 1.82487
0.04 1.5 0.124895 1.82955
0.04 1.75 0.102805 1.832
0.04 2 0.0861748 1.83343
0.04 2.25 0.0730061 1.83428
0.04 2.5 0.0621741 1.83477
0.04 2.75 0.05299 1.83498
0.04 3 0.0450051 1.83492
0.04 3.25 0.0379122 1.83454
0.04 3.5 0.0314928 1.83364
0.04 3.75 0.0255894 1.83163
0.04 4 0.0200978 1.82615
0.04 4.25 0.0150005 1.80592
0.04 4.5 0.0104856 1.71478
0.04 4.75 0.00713883 1.31093
0.04 5 0.00582858 1.796e-015
0.04 5.25 0.00713883 -1.31093
0.04 5.5 0.0104856 -1.71478
0.04 5.75 0.0150005 -1.80592
0.04 6 0.0200978 -1.82615
0.04 6.25 0.0255894 -1.83163
0.04 6.5 0.0314928 -1.83364
0.04 6.75 0.0379122 -1.83454
0.04 7 0.0450051 -1.83492
0.04 7.25 0.05299 -1.83498
0.04 7.5 0.0621741 -1.83477
0.04 7.75 0.0730061 -1.83428
0.04 8 0.0861748 -1.83343
0.04 8.25 0.102805 -1.832
0.04 8.5 0.124895 -1.82955
0.04 8.75 0.1564 -1.82487
0.04 9 0.206177 -1.81398
0.04 9.25 0.2956 -1.7809
0.04 9.5 0.471881 -1.65884
0.04 9.75 0.789537 -1.21025
0.0425 0 1.04437 -2.88857e-016
0.0425 0.25 0.77612 1.16263
0.0425 0.5 0.466218 1.60694
0.0425 0.75 0.29123 1.73049
0.0425 1 0.202169 1.76404
0.0425 1.25 0.15286 1.77491
0.0425 1.5 0.121853 1.77947
0.0425 1.75 0.100207 1.78184
0.0425 2 0.0839509 1.78321
0.0425 2.25 0.0710979 1.78403
0.0425 2.5 0.0605353 1.78451
0.0425 2.75 0.0515854 1.78471
0.0425 3 0.0438076 1.78467
0.0425 3.25 0.0369011 1.78432
0.0425 3.5 0.0306524 1.78349
0.0425 3.75 0.0249081 1.78157
0.0425 4 0.0195695 1.77614
0.0425 4.25 0.0146286 1.75552
0.0425 4.5 0.0102885 1.66265
0.0425 4.75 0.00713673 1.2608
0.0425 5 0.00595752 1.73468e-015
0.0425 5.25 0.00713673 -1.2608
0.0425 5.5 0.0102885 -1.66265
0.0425 5.75 0.0146286 -1.75552
0.0425 6 0.0195695 -1.77614
0.0425 6.25 0.0249081 -1.78157
0.0425 6.5 0.0306524 -1.78349
0.0425 6.75 0.0369011 -1.78432
0.0425 7 0.0438076 -1.78467
0.0425 7.25 0.0515854 -1.78471
0.0425 7.5 0.0605353 -1.78451
0.0425 7.75 0.0710979 -1.78403
0.0425 8 0.0839509 -1.78321
0.0425 8.25 0.100207 -1.78184
0.0425 8.5 0.121853 -1.77947
0.0425 8.75 0.15286 -1.77491
0.0425 9 0.202169 -1.76404
0.0425 9.25 0.29123 -1.73049
0.0425 9.5 0.466218 -1.60694
0.0425 9.75 0.77612 -1.16263
0.045 0 1.01768 -2.82177e-016
0.045 0.25 0.763592 1.11881
0.045 0.5 0.461194 1.55908
0.045 0.75 0.287422 1.68422
0.045 1 0.19861 1.71836
0.045 1.25 0.149673 1.72925
0.045 1.5 0.119095 1.73373
0.045 1.75 0.0978438 1.73602
0.045 2 0.0819259 1.73734
0.045 2.25 0.069359 1.73814
0.045 2.5 0.0590414 1.7386
0.045 2.75 0.0503045 1.7388
0.045 3 0.0427154 1.73877
0.045 3.25 0.0359787 1.73846
0.045 3.5 0.0298855 1.73768
0.045 3.75 0.0242865 1.73583
0.045 4 0.0190882 1.73041
0.045 4.25 0.0142915 1.70928
0.045 4.5 0.0101136 1.61457
0.045 4.75 0.00714075 1.21458
0.045 5 0.00607722 1.67779e-015
0.045 5.25 0.00714075 -1.21458
0.045 5.5 0.0101136 -1.61457
0.045 5.75 0.0142915 -1.70928
0.045 6 0.0190882 -1.73041
0.045 6.25 0.0242865 -1.73583
0.045 6.5 0.0298855 -1.73768
0.045 6.75 0.0359787 -1.73846
0.045 7 0.0427154 -1.73877
0.045 7.25 0.0503045 -1.7388
0.045 7.5 0.0590414 -1.7386
0.045 7.75 0.069359 -1.73814
0.045 8 0.0819259 -1.73734
0.045 8.25 0.0978438 -1.73602
0.045 8.5 0.119095 -1.73373
0.045 8.75 0.149673 -1.72925
0.045 9 0.19861 -1.71836
0.045 9.25 0.287422 -1.68422
0.045 9.5 0.461194 -1.55908
0.045 9.75 0.763592 -1.11881
0.0475 0 0.992758 -2.76186e-016
0.0475 0.25 0.751836 1.07834
0.0475 0.5 0.456707 1.51474
0.0475 0.75 0.284096 1.64155
0.0475 1 0.195441 1.67636
0.0475 1.25 0.146794 1.68732
0.0475 1.5 0.116585 1.69174
0.0475 1.75 0.0956859 1.69397
0.0475 2 0.0800735 1.69525
0.0475 2.25 0.067767 1.69602
0.0475 2.5 0.0576729 1.69647
0.0475 2.75 0.0491309 1.69667
0.0475 3 0.0417143 1.69666
0.0475 3.25 0.0351331 1.69637
0.0475 3.5 0.0291824 1.69563
0.0475 3.75 0.0237167 1.69384
0.0475 4 0.0186474 1.68838
0.0475 4.25 0.0139845 1.66667
0.0475 4.5 0.00995789 1.57003
0.0475 4.75 0.0071499 1.1718
0.0475 5 0.00618879 1.6228e-015
0.0475 5.25 0.0071499 -1.1718
0.0475 5.5 0.00995789 -1.57003
0.0475 5.75 0.0139845 -1.66667
0.0475 6 0.0186474 -1.68838
0.0475 6.25 0.0237167 -1.69384
0.0475 6.5 0.0291824 -1.69563
0.0475 6.75 0.0351331 -1.69637
0.0475 7 0.0417143 -1.69666
0.0475 7.25 0.0491309 -1.69667
0.0475 7.5 0.0576729 -1.69647
0.0475 7.75 0.067767 -1.69602
0.0475 8 0.0800735 -1.69525
0.0475 8.25 0.0956859 -1.69397
0.0475 8.5 0.116585 -1.69174
0.0475 8.75 0.146794 -1.68732
0.0475 9 0.195441 -1.67636
0.0475 9.25 0.284096 -1.64155
0.0475 9.5 0.456707 -1.51474
0.0475 9.75 0.751836 -1.07834
0.05 0 0.969443 -2.70809e-016
0.05 0.25 0.740761 1.04085
0.05 0.5 0.452675 1.47351
0.05 0.75 0.28119 1.60202
0.05 1 0.192616 1.63758
0.05 1.25 0.144183 1.64865
0.05 1.5 0.114292 1.65303
0.05 1.75 0.0937068 1.65521
0.05 2 0.0783718 1.65645
0.05 2.25 0.0663032 1.6572
0.05 2.5 0.056414 1.65764
0.05 2.75 0.0480507 1.65784
0.05 3 0.0407928 1.65783
0.05 3.25 0.0343546 1.65757
0.05 3.5 0.0285351 1.65687
0.05 3.75 0.0231922 1.65512
0.05 4 0.0182423 1.64958
0.05 4.25 0.0137041 1.62722
0.05 4.5 0.009819 1.52861
0.05 4.75 0.00716339 1.13211
0.05 5 0.00629318 1.57399e-015
0.05 5.25 0.00716339 -1.13211
0.05 5.5 0.009819 -1.52861
0.05 5.75 0.0137041 -1.62722
0.05 6 0.0182423 -1.64958
0.05 6.25 0.0231922 -1.65512
0.05 6.5 0.0285351 -1.65687
0.05 6.75 0.0343546 -1.65757
0.05 7 0.0407928 -1.65783
0.05 7.25 0.0480507 -1.65784
0.05 7.5 0.056414 -1.65764
0.05 7.75 0.0663032 -1.6572
0.05 8 0.0783718 -1.65645
0.05 8.25 0.0937068 -1.65521
0.05 8.5 0.114292 -1.65303
0.05 8.75 0.144183 -1.64865
0.05 9 0.192616 -1.63758
0.05 9.25 0.28119 -1.60202
0.05 9.5 0.452675 -1.47351
0.05 9.75 0.740761 -1.04085
0.0525 0 0.947597 -2.65981e-016
0.0525 0.25 0.730288 1.00602
0.0525 0.5 0.449029 1.43501
0.0525 0.75 0.278647 1.56525
0.0525 1 0.190093 1.60162
0.0525 1.25 0.141811 1.61284
0.0525 1.5 0.112189 1.6172
0.0525 1.75 0.0918853 1.61934
0.0525 2 0.0768026 1.62055
0.0525 2.25 0.0649521 1.62128
0.0525 2.5 0.0552513 1.6217
0.0525 2.75 0.0470528 1.62191
0.0525 3 0.0399412 1.62191
0.0525 3.25 0.0336351 1.62166
0.0525 3.5 0.0279367 1.621
0.0525 3.75 0.0227075 1.61927
0.0525 4 0.0178686 1.61362
0.0525 4.25 0.0134471 1.59055
0.0525 4.5 0.00969494 1.48994
0.0525 4.75 0.00718054 1.09516
0.0525 5 0.00639121 1.528e-015
0.0525 5.25 0.00718054 -1.09516
0.0525 5.5 0.00969494 -1.48994
0.0525 5.75 0.0134471 -1.59055
0.0525 6 0.0178686 -1.61362
0.0525 6.25 0.0227075 -1.61927
0.0525 6.5 0.0279367 -1.621
0.0525 6.75 0.0336351 -1.62166
0.0525 7 0.0399412 -1.62191
0.0525 7.25 0.0470528 -1.62191
0.0525 7.5 0.0552513 -1.6217
0.0525 7.75 0.0649521 -1.62128
0.0525 8 0.0768026 -1.62055
0.0525 8.25 0.0918853 -1.61934
0.0525 8.5 0.112189 -1.6172
0.0525 8.75 0.141811 -1.61284
0.0525 9 0.190093 -1.60162
0.0525 9.25 0.278647 -1.56525
0.0525 9.5 0.449029 -1.43501
0.0525 9.75 0.730288 -1.00602
0.055 0 0.927092 -2.61644e-016
0.055 0.25 0.720356 0.973573
0.055 0.5 0.445714 1.39898
0.055 0.75 0.276422 1.53094
0.055 1 0.187838 1.56815
0.055 1.25 0.139651 1.57957
0.055 1.5 0.110256 1.58393
0.055 1.75 0.0902034 1.58603
0.055 2 0.0753507 1.58721
0.055 2.25 0.0637007 1.58792
0.055 2.5 0.0541737 1.58833
0.055 2.75 0.0461277 1.58854
0.055 3 0.0391515 1.58855
0.055 3.25 0.0329677 1.58832
0.055 3.5 0.0273817 1.58768
0.055 3.75 0.0222581 1.58596
0.055 4 0.0175227 1.58018
0.055 4.25 0.0132109 1.55634
0.055 4.5 0.00958399 1.45373
0.055 4.75 0.00720078 1.06067
0.055 5 0.0064836 1.47001e-015
0.055 5.25 0.00720078 -1.06067
0.055 5.5 0.00958399 -1.45373
0.055 5.75 0.0132109 -1.55634
0.055 6 0.0175227 -1.58018
0.055 6.25 0.0222581 -1.58596
0.055 6.5 0.0273817 -1.58768
0.055 6.75 0.0329677 -1.58832
0.055 7 0.0391515 -1.58855
0.055 7.25 0.0461277 -1.58854
0.055 7.5 0.0541737 -1.58833
0.055 7.75 0.0637007 -1.58792
0.055 8 0.0753507 -1.58721
0.055 8.25 0.0902034 -1.58603
0.055 8.5 0.110256 -1.58393
0.055 8.75 0.139651 -1.57957
0.055 9 0.187838 -1.56815
0.055 9.25 0.276422 -1.53094
0.055 9.5 0.445714 -1.39898
0.055 9.75 0.720356 -0.973573
0.0575 0 0.907817 -2.57748e-016
0.0575 0.25 0.710911 0.94327
0.0575 0.5 0.442682 1.36513
0.0575 0.75 0.274476 1.4988
0.0575 1 0.185823 1.53692
0.0575 1.25 0.137681 1.54855
0.0575 1.5 0.108474 1.55292
0.0575 1.75 0.0886459 1.55499
0.0575 2 0.0740033 1.55615
0.0575 2.25 0.062538 1.55684
0.0575 2.5 0.053172 1.55725
0.0575 2.75 0.0452672 1.55745
0.0575 3 0.0384168 1.55747
0.0575 3.25 0.0323467 1.55725
0.0575 3.5 0.0268652 1.55664
0.0575 3.75 0.02184 1.55492
0.0575 4 0.0172016 1.54897
0.0575 4.25 0.0129933 1.52432
0.0575 4.5 0.00948472 1.41972
0.0575 4.75 0.00722366 1.02841
0.0575 5 0.00657099 1.41513e-015
0.0575 5.25 0.00722366 -1.02841
0.0575 5.5 0.00948472 -1.41972
0.0575 5.75 0.0129933 -1.52432
0.0575 6 0.0172016 -1.54897
0.0575 6.25 0.02184 -1.55492
0.0575 6.5 0.0268652 -1.55664
0.0575 6.75 0.0323467 -1.55725
0.0575 7 0.0384168 -1.55747
0.0575 7.25 0.0452672 -1.55745
0.0575 7.5 0.053172 -1.55725
0.0575 7.75 0.062538 -1.55684
0.0575 8 0.0740033 -1.55615
0.0575 8.25 0.0886459 -1.55499
0.0575 8.5 0.108474 -1.55292
0.0575 8.75 0.137681 -1.54855
0.0575 9 0.185823 -1.53692
0.0575 9.25 0.274476 -1.4988
0.0575 9.5 0.442682 -1.36513
0.0575 9.75 0.710911 -0.94327
0.06 0 0.88967 -2.54246e-016
0.06 0.25 0.701909 0.914909
0.06 0.5 0.439896 1.33327
0.06 0.75 0.272775 1.46861
0.06 1 0.184023 1.50766
0.06 1.25 0.135882 1.51954
0.06 1.5 0.106829 1.52393
0.06 1.75 0.0871999 1.52599
0.06 2 0.0727493 1.52712
0.06 2.25 0.0614547 1.5278
0.06 2.5 0.052238 1.5282
0.06 2.75 0.0444647 1.5284
0.06 3 0.0377314 1.52842
0.06 3.25 0.0317672 1.52822
0.06 3.5 0.0263832 1.52762
0.06 3.75 0.0214501 1.5259
0.06 4 0.0169028 1.51976
0.06 4.25 0.0127924 1.49427
0.06 4.5 0.00939589 1.38769
0.06 4.75 0.00724876 0.998166
0.06 5 0.00665391 1.36422e-015
0.06 5.25 0.00724876 -0.998166
0.06 5.5 0.00939589 -1.38769
0.06 5.75 0.0127924 -1.49427
0.06 6 0.0169028 -1.51976
0.06 6.25 0.0214501 -1.5259
0.06 6.5 0.0263832 -1.52762
0.06 6.75 0.0317672 -1.52822
0.06 7 0.0377314 -1.52842
0.06 7.25 0.0444647 -1.5284
0.06 7.5 0.052238 -1.5282
0.06 7.75 0.0614547 -1.5278
0.06 8 0.0727493 -1.52712
0.06 8.25 0.0871999 -1.52599
0.06 8.5 0.106829 -1.52393
0.06 8.75 0.135882 -1.51954
0.06 9 0.184023 -1.50766
0.06 9.25 0.272775 -1.46861
0.06 9.5 0.439896 -1.33327
0.06 9.75 0.701909 -0.914909
0.0625 0 0.872559 -2.511e-016
0.0625 0.25 0.693311 0.888308
0.0625 0.5 0.437321 1.3032
0.0625 0.75 0.271291 1.44018
0.0625 1 0.182415 1.4802
0.0625 1.25 0.134237 1.49235
0.0625 1.5 0.105306 1.49677
0.0625 1.75 0.0858543 1.49881
0.0625 2 0.0715795 1.49993
0.0625 2.25 0.0604427 1.50059
0.0625 2.5 0.0513649 1.50099
0.0625 2.75 0.0437141 1.50119
0.0625 3 0.0370902 1.50121
0.0625 3.25 0.031225 1.50103
0.0625 3.5 0.0259323 1.50044
0.0625 3.75 0.0210855 1.49869
0.0625 4 0.016624 1.49235
0.0625 4.25 0.0126065 1.46598
0.0625 4.5 0.00931641 1.35745
0.0625 4.75 0.00727577 0.969752
0.0625 5 0.00673285 1.31587e-015
0.0625 5.25 0.00727577 -0.969752
0.0625 5.5 0.00931641 -1.35745
0.0625 5.75 0.0126065 -1.46598
0.0625 6 0.016624 -1.49235
0.0625 6.25 0.0210855 -1.49869
0.0625 6.5 0.0259323 -1.50044
0.0625 6.75 0.031225 -1.50103
0.0625 7 0.0370902 -1.50121
0.0625 7.25 0.0437141 -1.50119
0.0625 7.5 0.0513649 -1.50099
0.0625 7.75 0.0604427 -1.50059
0.0625 8 0.0715795 -1.49993
0.0625 8.25 0.0858543 -1.49881
0.0625 8.5 0.105306 -1.49677
0.0625 8.75 0.134237 -1.49235
0.0625 9 0.182415 -1.4802
0.0625 9.25 0.271291 -1.44018
0.0625 9.5 0.437321 -1.3032
0.0625 9.75 0.693311 -0.888308
0.065 0 0.856403 -2.43128e-016
0.065 0.25 0.685086 0.86331
0.065 0.5 0.43493 1.27477
0.065 0.75 0.269999 1.41334
0.065 1 0.180982 1.45434
0.065 1.25 0.132732 1.46678
0.065 1.5 0.103895 1.47126
0.065 1.75 0.0845996 1.47328
0.065 2 0.0704856 1.47438
0.065 2.25 0.0594952 1.47504
0.065 2.5 0.0505468 1.47543
0.065 2.75 0.0430105 1.47563
0.065 3 0.0364889 1.47566
0.065 3.25 0.0307164 1.47548
0.065 3.5 0.0255093 1.4749
0.065 3.75 0.0207437 1.47312
0.065 4 0.0163634 1.46655
0.065 4.25 0.0124343 1.43929
0.065 4.5 0.00924536 1.32885
0.065 4.75 0.0073044 0.943008
0.065 5 0.00680823 1.27137e-015
0.065 5.25 0.0073044 -0.943008
0.065 5.5 0.00924536 -1.32885
0.065 5.75 0.0124343 -1.43929
0.065 6 0.0163634 -1.46655
0.065 6.25 0.0207437 -1.47312
0.065 6.5 0.0255093 -1.4749
0.065 6.75 0.0307164 -1.47548
0.065 7 0.0364889 -1.47566
0.065 7.25 0.0430105 -1.47563
0.065 7.5 0.0505468 -1.47543
0.065 7.75 0.0594952 -1.47504
0.065 8 0.0704856 -1.47438
0.065 8.25 0.0845996 -1.47328
0.065 8.5 0.103895 -1.47126
0.065 8.75 0.132732 -1.46678
0.065 9 0.180982 -1.45434
0.065 9.25 0.269999 -1.41334
0.065 9.5 0.43493 -1.27477
0.065 9.75 0.685086 -0.86331
0.0675 0 0.841127 -2.32468e-016
0.0675 0.25 0.677204 0.839776
0.0675 0.5 0.4327 1.24782
0.0675 0.75 0.268877 1.38794
0.0675 1 0.179707 1.42993
0.0675 1.25 0.131355 1.4427
0.0675 1.5 0.102585 1.44723
0.0675 1.75 0.0834275 1.44925
0.0675 2 0.0694606 1.45034
0.0675 2.25 0.058606 1.45098
0.0675 2.5 0.0497785 1.45136
0.0675 2.75 0.0423493 1.45156
0.0675 3 0.0359237 1.4516
0.0675 3.25 0.0302384 1.45143
0.0675 3.5 0.0251117 1.45086
0.0675 3.75 0.0204226 1.44904
0.0675 4 0.0161193 1.44222
0.0675 4.25 0.0122745 1.41404
0.0675 4.5 0.00918191 1.30173
0.0675 4.75 0.00733441 0.917791
0.0675 5 0.00688043 1.23085e-015
0.0675 5.25 0.00733441 -0.917791
0.0675 5.5 0.00918191 -1.30173
0.0675 5.75 0.0122745 -1.41404
0.0675 6 0.0161193 -1.44222
0.0675 6.25 0.0204226 -1.44904
0.0675 6.5 0.0251117 -1.45086
0.0675 6.75 0.0302384 -1.45143
0.0675 7 0.0359237 -1.4516
0.0675 7.25 0.0423493 -1.45156
0.0675 7.5 0.0497785 -1.45136
0.0675 7.75 0.058606 -1.45098
0.0675 8 0.0694606 -1.45034
0.0675 8.25 0.0834275 -1.44925
0.0675 8.5 0.102585 -1.44723
0.0675 8.75 0.131355 -1.4427
0.0675 9 0.179707 -1.42993
0.0675 9.25 0.268877 -1.38794
0.0675 9.5 0.4327 -1.24782
0.0675 9.75 0.677204 -0.839776
0.07 0 0.826663 -2.22704e-016
0.07 0.25 0.669641 0.817583
0.07 0.5 0.43061 1.22224
0.07 0.75 0.267906 1.36385
0.07 1 0.178575 1.40686
0.07 1.25 0.130095 1.41996
0.07 1.5 0.101368 1.42456
0.07 1.75 0.0823307 1.42658
0.07 2 0.0684983 1.42765
0.07 2.25 0.05777 1.42829
0.07 2.5 0.0490554 1.42867
0.07 2.75 0.0417269 1.42886
0.07 3 0.0353914 1.4289
0.07 3.25 0.0297881 1.42874
0.07 3.5 0.0247372 1.42817
0.07 3.75 0.0201204 1.42631
0.07 4 0.0158902 1.41922
0.07 4.25 0.012126 1.39011
0.07 4.5 0.00912536 1.27598
0.07 4.75 0.00736559 0.893975
0.07 5 0.00694977 1.18891e-015
0.07 5.25 0.00736559 -0.893975
0.07 5.5 0.00912536 -1.27598
0.07 5.75 0.012126 -1.39011
0.07 6 0.0158902 -1.41922
0.07 6.25 0.0201204 -1.42631
0.07 6.5 0.0247372 -1.42817
0.07 6.75 0.0297881 -1.42874
0.07 7 0.0353914 -1.4289
0.07 7.25 0.0417269 -1.42886
0.07 7.5 0.0490554 -1.42867
0.07 7.75 0.05777 -1.42829
0.07 8 0.0684983 -1.42765
0.07 8.25 0.0823307 -1.42658
0.07 8.5 0.101368 -1.42456
0.07 8.75 0.130095 -1.41996
0.07 9 0.178575 -1.40686
0.07 9.25 0.267906 -1.36385
0.07 9.5 0.43061 -1.22224
0.07 9.75 0.669641 -0.817583
0.0725 0 0.812952 -2.13757e-016
0.0725 0.25 0.662375 0.796621
0.0725 0.5 0.428644 1.19792
0.0725 0.75 0.26707 1.34096
0.0725 1 0.177574 1.38499
0.0725 1.25 0.128943 1.39844
0.0725 1.5 0.100236 1.40312
0.0725 1.75 0.081303 1.40515
0.0725 2 0.0675935 1.40621
0.0725 2.25 0.0569825 1.40684
0.0725 2.5 0.0483738 1.40721
0.0725 2.75 0.0411397 1.40741
0.0725 3 0.0348892 1.40745
0.0725 3.25 0.0293631 1.40729
0.0725 3.5 0.0243837 1.40672
0.0725 3.75 0.0198354 1.4048
0.0725 4 0.0156748 1.39743
0.0725 4.25 0.0119878 1.36737
0.0725 4.5 0.00907508 1.25148
0.0725 4.75 0.00739779 0.871447
0.0725 5 0.00701654 1.14579e-015
0.0725 5.25 0.00739779 -0.871447
0.0725 5.5 0.00907508 -1.25148
0.0725 5.75 0.0119878 -1.36737
0.0725 6 0.0156748 -1.39743
0.0725 6.25 0.0198354 -1.4048
0.0725 6.5 0.0243837 -1.40672
0.0725 6.75 0.0293631 -1.40729
0.0725 7 0.0348892 -1.40745
0.0725 7.25 0.0411397 -1.40741
0.0725 7.5 0.0483738 -1.40721
0.0725 7.75 0.0569825 -1.40684
0.0725 8 0.0675935 -1.40621
0.0725 8.25 0.081303 -1.40515
0.0725 8.5 0.100236 -1.40312
0.0725 8.75 0.128943 -1.39844
0.0725 9 0.177574 -1.38499
0.0725 9.25 0.26707 -1.34096
0.0725 9.5 0.428644 -1.19792
0.0725 9.75 0.662375 -0.796621
0.075 0 0.799937 -2.05556e-016
0.075 0.25 0.655387 0.776791
0.075 0.5 0.426788 1.17475
0.075 0.75 0.266353 1.31917
0.075 1 0.176692 1.36422
0.075 1.25 0.12789 1.37804
0.075 1.5 0.0991832 1.38281
0.075 1.75 0.0803386 1.38485
0.075 2 0.0667412 1.38591
0.075 2.25 0.0562394 1.38652
0.075 2.5 0.04773 1.38689
0.075 2.75 0.0405848 1.38709
0.075 3 0.0344144 1.38713
0.075 3.25 0.0289612 1.38698
0.075 3.5 0.0240496 1.3864
0.075 3.75 0.0195662 1.38443
0.075 4 0.0154722 1.37676
0.075 4.25 0.0118592 1.34575
0.075 4.5 0.00903049 1.22813
0.075 4.75 0.00743084 0.850107
0.075 5 0.00708101 1.10578e-015
0.075 5.25 0.00743084 -0.850107
0.075 5.5 0.00903049 -1.22813
0.075 5.75 0.0118592 -1.34575
0.075 6 0.0154722 -1.37676
0.075 6.25 0.0195662 -1.38443
0.075 6.5 0.0240496 -1.3864
0.075 6.75 0.0289612 -1.38698
0.075 7 0.0344144 -1.38713
0.075 7.25 0.0405848 -1.38709
0.075 7.5 0.04773 -1.38689
0.075 7.75 0.0562394 -1.38652
0.075 8 0.0667412 -1.38591
0.075 8.25 0.0803386 -1.38485
0.075 8.5 0.0991832 -1.38281
0.075 8.75 0.12789 -1.37804
0.075 9 0.176692 -1.36422
0.075 9.25 0.266353 -1.31917
0.075 9.5 0.426788 -1.17475
0.075 9.75 0.655387 -0.776791
0.0775 0 0.787569 -1.98036e-016
0.0775 0.25 0.64866 0.758007
0.0775 0.5 0.425027 1.15265
0.0775 0.75 0.265743 1.29839
0.0775 1 0.175919 1.34447
0.0775 1.25 0.126928 1.35868
0.0775 1.5 0.0982027 1.36354
0.0775 1.75 0.0794327 1.36559
0.0775 2 0.0659374 1.36664
0.0775 2.25 0.0555372 1.36725
0.0775 2.5 0.0471209 1.36762
0.0775 2.75 0.0400596 1.36782
0.0775 3 0.0339648 1.36786
0.0775 3.25 0.0285806 1.36771
0.0775 3.5 0.0237332 1.36713
0.0775 3.75 0.0193116 1.36508
0.0775 4 0.0152811 1.3571
0.0775 4.25 0.0117393 1.32513
0.0775 4.5 0.00899112 1.20585
0.0775 4.75 0.00746463 0.829865
0.0775 5 0.00714339 1.0649e-015
0.0775 5.25 0.00746463 -0.829865
0.0775 5.5 0.00899112 -1.20585
0.0775 5.75 0.0117393 -1.32513
0.0775 6 0.0152811 -1.3571
0.0775 6.25 0.0193116 -1.36508
0.0775 6.5 0.0237332 -1.36713
0.0775 6.75 0.0285806 -1.36771
0.0775 7 0.0339648 -1.36786
0.0775 7.25 0.0400596 -1.36782
0.0775 7.5 0.0471209 -1.36762
0.0775 7.75 0.0555372 -1.36725
0.0775 8 0.0659374 -1.36664
0.0775 8.25 0.0794327 -1.36559
0.0775 8.5 0.0982027 -1.36354
0.0775 8.75 0.126928 -1.35868
0.0775 9 0.175919 -1.34447
0.0775 9.25 0.265743 -1.29839
0.0775 9.5 0.425027 -1.15265
0.0775 9.75 0.64866 -0.758007
0.08 0 0.775803 -1.91139e-016
0.08 0.25 0.642178 0.740188
0.08 0.5 0.423353 1.13154
0.08 0.75 0.265228 1.27854
0.08 1 0.175246 1.32565
0.08 1.25 0.126051 1.34026
0.08 1.5 0.0972894 1.34523
0.08 1.75 0.0785809 1.34729
0.08 2 0.0651783 1.34834
0.08 2.25 0.0548727 1.34895
0.08 2.5 0.0465439 1.34931
0.08 2.75 0.0395617 1.3495
0.08 3 0.0335385 1.34955
0.08 3.25 0.0282197 1.3494
0.08 3.5 0.0234331 1.34881
0.08 3.75 0.0190704 1.34669
0.08 4 0.0151008 1.33839
0.08 4.25 0.0116276 1.30545
0.08 4.5 0.00895651 1.18456
0.08 4.75 0.00749905 0.810638
0.08 5 0.0072039 1.02883e-015
0.08 5.25 0.00749905 -0.810638
0.08 5.5 0.00895651 -1.18456
0.08 5.75 0.0116276 -1.30545
0.08 6 0.0151008 -1.33839
0.08 6.25 0.0190704 -1.34669
0.08 6.5 0.0234331 -1.34881
0.08 6.75 0.0282197 -1.3494
0.08 7 0.0335385 -1.34955
0.08 7.25 0.0395617 -1.3495
0.08 7.5 0.0465439 -1.34931
0.08 7.75 0.0548727 -1.34895
0.08 8 0.0651783 -1.34834
0.08 8.25 0.0785809 -1.34729
0.08 8.5 0.0972894 -1.34523
0.08 8.75 0.126051 -1.34026
0.08 9 0.175246 -1.32565
0.08 9.25 0.265228 -1.27854
0.08 9.5 0.423353 -1.13154
0.08 9.75 0.642178 -0.740188
0.0825 0 0.764596 -1.84811e-016
0.0825 0.25 0.635928 0.723264
0.0825 0.5 0.421755 1.11136
0.0825 0.75 0.264799 1.25956
0.0825 1 0.174665 1.3077
0.0825 1.25 0.125253 1.32271
0.0825 1.5 0.0964387 1.3278
0.0825 1.75 0.0777793 1.32988
0.0825 2 0.0644605 1.33093
0.0825 2.25 0.0542429 1.33153
0.0825 2.5 0.0459965 1.33189
0.0825 2.75 0.0390891 1.33208
0.0825 3 0.0331336 1.33213
0.0825 3.25 0.0278768 1.33198
0.0825 3.5 0.0231482 1.33138
0.0825 3.75 0.0188416 1.32918
0.0825 4 0.0149305 1.32054
0.0825 4.25 0.0115233 1.28663
0.0825 4.5 0.00892628 1.16418
0.0825 4.75 0.00753401 0.792355
0.0825 5 0.0072627 9.97277e-016
0.0825 5.25 0.00753401 -0.792355
0.0825 5.5 0.00892628 -1.16418
0.0825 5.75 0.0115233 -1.28663
0.0825 6 0.0149305 -1.32054
0.0825 6.25 0.0188416 -1.32918
0.0825 6.5 0.0231482 -1.33138
0.0825 6.75 0.0278768 -1.33198
0.0825 7 0.0331336 -1.33213
0.0825 7.25 0.0390891 -1.33208
0.0825 7.5 0.0459965 -1.33189
0.0825 7.75 0.0542429 -1.33153
0.0825 8 0.0644605 -1.33093
0.0825 8.25 0.0777793 -1.32988
0.0825 8.5 0.0964387 -1.3278
0.0825 8.75 0.125253 -1.32271
0.0825 9 0.174665 -1.3077
0.0825 9.25 0.264799 -1.25956
0.0825 9.5 0.421755 -1.11136
0.0825 9.75 0.635928 -0.723264
0.085 0 0.75391 -1.79004e-016
0.085 0.25 0.629896 0.70717
0.085 0.5 0.420226 1.09204
0.085 0.75 0.264446 1.24138
0.085 1 0.174168 1.29054
0.085 1.25 0.124528 1.30597
0.085 1.5 0.0956463 1.31118
0.085 1.75 0.0770242 1.31329
0.085 2 0.063781 1.31433
0.085 2.25 0.0536454 1.31493
0.085 2.5 0.0454765 1.31528
0.085 2.75 0.0386398 1.31548
0.085 3 0.0327485 1.31553
0.085 3.25 0.0275507 1.31538
0.085 3.5 0.0228771 1.31476
0.085 3.75 0.0186243 1.31247
0.085 4 0.0147694 1.30349
0.085 4.25 0.0114259 1.26861
0.085 4.5 0.00890007 1.14467
0.085 4.75 0.00756943 0.774948
0.085 5 0.00731998 9.68e-016
0.085 5.25 0.00756943 -0.774948
0.085 5.5 0.00890007 -1.14467
0.085 5.75 0.0114259 -1.26861
0.085 6 0.0147694 -1.30349
0.085 6.25 0.0186243 -1.31247
0.085 6.5 0.0228771 -1.31476
0.085 6.75 0.0275507 -1.31538
0.085 7 0.0327485 -1.31553
0.085 7.25 0.0386398 -1.31548
0.085 7.5 0.0454765 -1.31528
0.085 7.75 0.0536454 -1.31493
0.085 8 0.063781 -1.31433
0.085 8.25 0.0770242 -1.31329
0.085 8.5 0.0956463 -1.31118
0.085 8.75 0.124528 -1.30597
0.085 9 0.174168 -1.29054
0.085 9.25 0.264446 -1.24138
0.085 9.5 0.420226 -1.09204
0.085 9.75 0.629896 -0.70717
0.0875 0 0.743711 -1.73675e-016
0.0875 0.25 0.624072 0.691848
0.0875 0.5 0.41876 1.07352
0.0875 0.75 0.264161 1.22395
0.0875 1 0.173748 1.27412
0.0875 1.25 0.123871 1.28998
0.0875 1.5 0.0949085 1.29532
0.0875 1.75 0.0763128 1.29745
0.0875 2 0.0631372 1.2985
0.0875 2.25 0.0530778 1.29909
0.0875 2.5 0.0449819 1.29944
0.0875 2.75 0.0382121 1.29964
0.0875 3 0.0323819 1.29969
0.0875 3.25 0.0272401 1.29954
0.0875 3.5 0.0226191 1.29891
0.0875 3.75 0.0184177 1.29652
0.0875 4 0.014617 1.28718
0.0875 4.25 0.011335 1.25133
0.0875 4.5 0.00887755 1.12595
0.0875 4.75 0.00760526 0.758358
0.0875 5 0.00737586 9.4084e-016
0.0875 5.25 0.00760526 -0.758358
0.0875 5.5 0.00887755 -1.12595
0.0875 5.75 0.011335 -1.25133
0.0875 6 0.014617 -1.28718
0.0875 6.25 0.0184177 -1.29652
0.0875 6.5 0.0226191 -1.29891
0.0875 6.75 0.0272401 -1.29954
0.0875 7 0.0323819 -1.29969
0.0875 7.25 0.0382121 -1.29964
0.0875 7.5 0.0449819 -1.29944
0.0875 7.75 0.0530778 -1.29909
0.0875 8 0.0631372 -1.2985
0.0875 8.25 0.0763128 -1.29745
0.0875 8.5 0.0949085 -1.29532
0.0875 8.75 0.123871 -1.28998
0.0875 9 0.173748 -1.27412
0.0875 9.25 0.264161 -1.22395
0.0875 9.5 0.41876 -1.07352
0.0875 9.75 0.624072 -0.691848
0.09 0 0.733967 -1.68783e-016
0.09 0.25 0.618444 0.677245
0.09 0.5 0.417349 1.05575
0.09 0.75 0.263937 1.20721
0.09 1 0.1734 1.25838
0.09 1.25 0.123278 1.27468
0.09 1.5 0.0942217 1.28016
0.09 1.75 0.0756419 1.28232
0.09 2 0.0625267 1.28337
0.09 2.25 0.0525381 1.28396
0.09 2.5 0.0445109 1.28431
0.09 2.75 0.0378046 1.2845
0.09 3 0.0320323 1.28456
0.09 3.25 0.0269439 1.28441
0.09 3.5 0.0223731 1.28375
0.09 3.75 0.018221 1.28127
0.09 4 0.0144725 1.27157
0.09 4.25 0.0112501 1.23475
0.09 4.5 0.00885845 1.10798
0.09 4.75 0.00764142 0.74253
0.09 5 0.00743047 9.15642e-016
0.09 5.25 0.00764142 -0.74253
0.09 5.5 0.00885845 -1.10798
0.09 5.75 0.0112501 -1.23475
0.09 6 0.0144725 -1.27157
0.09 6.25 0.018221 -1.28127
0.09 6.5 0.0223731 -1.28375
0.09 6.75 0.0269439 -1.28441
0.09 7 0.0320323 -1.28456
0.09 7.25 0.0378046 -1.2845
0.09 7.5 0.0445109 -1.28431
0.09 7.75 0.0525381 -1.28396
0.09 8 0.0625267 -1.28337
0.09 8.25 0.0756419 -1.28232
0.09 8.5 0.0942217 -1.28016
0.09 8.75 0.123278 -1.27468
0.09 9 0.1734 -1.25838
0.09 9.25 0.263937 -1.20721
0.09 9.5 0.417349 -1.05575
0.09 9.75 0.618444 -0.677245
0.0925 0 0.72465 -1.64291e-016
0.0925 0.25 0.613003 0.663313
0.0925 0.5 0.415989 1.03868
0.0925 0.75 0.263768 1.19111
0.0925 1 0.173118 1.24328
0.0925 1.25 0.122744 1.26004
0.0925 1.5 0.0935828 1.26565
0.0925 1.75 0.0750092 1.26785
0.0925 2 0.0619474 1.2689
0.0925 2.25 0.0520243 1.26949
0.0925 2.5 0.044062 1.26984
0.0925 2.75 0.0374159 1.27003
0.0925 3 0.0316987 1.27008
0.0925 3.25 0.0266612 1.26993
0.0925 3.5 0.0221384 1.26926
0.0925 3.75 0.0180336 1.26666
0.0925 4 0.0143355 1.25659
0.0925 4.25 0.0111707 1.21882
0.0925 4.5 0.00884251 1.09072
0.0925 4.75 0.00767787 0.727413
0.0925 5 0.00748394 8.87604e-016
0.0925 5.25 0.00767787 -0.727413
0.0925 5.5 0.00884251 -1.09072
0.0925 5.75 0.0111707 -1.21882
0.0925 6 0.0143355 -1.25659
0.0925 6.25 0.0180336 -1.26666
0.0925 6.5 0.0221384 -1.26926
0.0925 6.75 0.0266612 -1.26993
0.0925 7 0.0316987 -1.27008
0.0925 7.25 0.0374159 -1.27003
0.0925 7.5 0.044062 -1.26984
0.0925 7.75 0.0520243 -1.26949
0.0925 8 0.0619474 -1.2689
0.0925 8.25 0.0750092 -1.26785
0.0925 8.5 0.0935828 -1.26565
0.0925 8.75 0.122744 -1.26004
0.0925 9 0.173118 -1.24328
0.0925 9.25 0.263768 -1.19111
0.0925 9.5 0.415989 -1.03868
0.0925 9.75 0.613003 -0.663313
0.095 0 0.715731 -1.60166e-016
0.095 0.25 0.607741 0.650007
0.095 0.5 0.414675 1.02228
0.095 0.75 0.263647 1.17563
0.095 1 0.172896 1.22878
0.095 1.25 0.122266 1.24599
0.095 1.5 0.092989 1.25176
0.095 1.75 0.0744123 1.25399
0.095 2 0.0613971 1.25505
0.095 2.25 0.0515349 1.25564
0.095 2.5 0.0436337 1.25598
0.095 2.75 0.0370446 1.25617
0.095 3 0.03138 1.25623
0.095 3.25 0.0263911 1.25607
0.095 3.5 0.0219142 1.25537
0.095 3.75 0.0178549 1.25267
0.095 4 0.0142056 1.24221
0.095 4.25 0.0110967 1.20349
0.095 4.5 0.00882949 1.07411
0.095 4.75 0.00771458 0.712962
0.095 5 0.00753636 8.57695e-016
0.095 5.25 0.00771458 -0.712962
0.095 5.5 0.00882949 -1.07411
0.095 5.75 0.0110967 -1.20349
0.095 6 0.0142056 -1.24221
0.095 6.25 0.0178549 -1.25267
0.095 6.5 0.0219142 -1.25537
0.095 6.75 0.0263911 -1.25607
0.095 7 0.03138 -1.25623
0.095 7.25 0.0370446 -1.25617
0.095 7.5 0.0436337 -1.25598
0.095 7.75 0.0515349 -1.25564
0.095 8 0.0613971 -1.25505
0.095 8.25 0.0744123 -1.25399
0.095 8.5 0.092989 -1.25176
0.095 8.75 0.122266 -1.24599
0.095 9 0.172896 -1.22878
0.095 9.25 0.263647 -1.17563
0.095 9.5 0.414675 -1.02228
0.095 9.75 0.607741 -0.650007
0.0975 0 0.707188 -1.56379e-016
0.0975 0.25 0.602647 0.637287
0.0975 0.5 0.413404 1.0065
0.0975 0.75 0.26357 1.16071
0.0975 1 0.17273 1.21484
0.0975 1.25 0.121841 1.23251
0.0975 1.5 0.0924377 1.23843
0.0975 1.75 0.0738491 1.24071
0.0975 2 0.0608742 1.24177
0.0975 2.25 0.0510683 1.24236
0.0975 2.5 0.0432246 1.2427
0.0975 2.75 0.0366898 1.24289
0.0975 3 0.0310753 1.24294
0.0975 3.25 0.0261327 1.24279
0.0975 3.5 0.0216998 1.24206
0.0975 3.75 0.0176843 1.23924
0.0975 4 0.0140822 1.2284
0.0975 4.25 0.0110275 1.18872
0.0975 4.5 0.00881917 1.05812
0.0975 4.75 0.0077515 0.699134
0.0975 5 0.00758784 8.29948e-016
0.0975 5.25 0.0077515 -0.699134
0.0975 5.5 0.00881917 -1.05812
0.0975 5.75 0.0110275 -1.18872
0.0975 6 0.0140822 -1.2284
0.0975 6.25 0.0176843 -1.23924
0.0975 6.5 0.0216998 -1.24206
0.0975 6.75 0.0261327 -1.24279
0.0975 7 0.0310753 -1.24294
0.0975 7.25 0.0366898 -1.24289
0.0975 7.5 0.0432246 -1.2427
0.0975 7.75 0.0510683 -1.24236
0.0975 8 0.0608742 -1.24177
0.0975 8.25 0.0738491 -1.24071
0.0975 8.5 0.0924377 -1.23843
0.0975 8.75 0.121841 -1.23251
0.0975 9 0.17273 -1.21484
0.0975 9.25 0.26357 -1.16071
0.0975 9.5 0.413404 -1.0065
0.0975 9.75 0.602647 -0.637287
0.1 0 0.698996 -1.529e-016
0.1 0.25 0.597716 0.625116
0.1 0.5 0.412172 0.991302
0.1 0.75 0.263533 1.14633
0.1 1 0.172616 1.20142
0.1 1.25 0.121465 1.21955
0.1 1.5 0.0919265 1.22564
0.1 1.75 0.0733176 1.22796
0.1 2 0.060377 1.22903
0.1 2.25 0.0506231 1.22961
0.1 2.5 0.0428336 1.22996
0.1 2.75 0.0363503 1.23015
0.1 3 0.0307835 1.2302
0.1 3.25 0.0258853 1.23004
0.1 3.5 0.0214947 1.22928
0.1 3.75 0.0175214 1.22634
0.1 4 0.013965 1.2151
0.1 4.25 0.0109629 1.17449
0.1 4.5 0.00881137 1.04271
0.1 4.75 0.00778862 0.685893
0.1 5 0.00763845 8.04206e-016
0.1 5.25 0.00778862 -0.685893
0.1 5.5 0.00881137 -1.04271
0.1 5.75 0.0109629 -1.17449
0.1 6 0.013965 -1.2151
0.1 6.25 0.0175214 -1.22634
0.1 6.5 0.0214947 -1.22928
0.1 6.75 0.0258853 -1.23004
0.1 7 0.0307835 -1.2302
0.1 7.25 0.0363503 -1.23015
0.1 7.5 0.0428336 -1.22996
0.1 7.75 0.0506231 -1.22961
0.1 8 0.060377 -1.22903
0.1 8.25 0.0733176 -1.22796
0.1 8.5 0.0919265 -1.22564
0.1 8.75 0.121465 -1.21955
0.1 9 0.172616 -1.20142
0.1 9.25 0.263533 -1.14633
0.1 9.5 0.412172 -0.991302
0.1 9.75 0.597716 -0.625116
0.1025 0 0.691136 -1.49705e-016
0.1025 0.25 0.592939 0.61346
0.1025 0.5 0.410976 0.976657
0.1025 0.75 0.26353 1.13245
0.1025 1 0.17255 1.18849
0.1025 1.25 0.121135 1.20709
0.1025 1.5 0.0914533 1.21335
0.1025 1.75 0.0728162 1.21571
0.1025 2 0.059904 1.21679
0.1025 2.25 0.0501979 1.21738
0.1025 2.5 0.0424595 1.21772
0.1025 2.75 0.0360252 1.21791
0.1025 3 0.030504 1.21796
0.1025 3.25 0.0256483 1.21779
0.1025 3.5 0.0212982 1.217
0.1025 3.75 0.0173656 1.21393
0.1025 4 0.0138536 1.2023
0.1025 4.25 0.0109026 1.16076
0.1025 4.5 0.00880591 1.02786
0.1025 4.75 0.0078259 0.673202
0.1025 5 0.00768827 7.80324e-016
0.1025 5.25 0.0078259 -0.673202
0.1025 5.5 0.00880591 -1.02786
0.1025 5.75 0.0109026 -1.16076
0.1025 6 0.0138536 -1.2023
0.1025 6.25 0.0173656 -1.21393
0.1025 6.5 0.0212982 -1.217
0.1025 6.75 0.0256483 -1.21779
0.1025 7 0.030504 -1.21796
0.1025 7.25 0.0360252 -1.21791
0.1025 7.5 0.0424595 -1.21772
0.1025 7.75 0.0501979 -1.21738
0.1025 8 0.059904 -1.21679
0.1025 8.25 0.0728162 -1.21571
0.1025 8.5 0.0914533 -1.21335
0.1025 8.75 0.121135 -1.20709
0.1025 9 0.17255 -1.18849
0.1025 9.25 0.26353 -1.13245
0.1025 9.5 0.410976 -0.976657
0.1025 9.75 0.592939 -0.61346
0.105 0 0.683587 -1.45447e-016
0.105 0.25 0.58831 0.602289
0.105 0.5 0.409814 0.962535
0.105 0.75 0.263559 1.11905
0.105 1 0.172529 1.17602
0.105 1.25 0.120848 1.1951
0.105 1.5 0.0910159 1.20152
0.105 1.75 0.0723431 1.20394
0.105 2 0.0594539 1.20503
0.105 2.25 0.0497917 1.20561
0.105 2.5 0.0421014 1.20595
0.105 2.75 0.0357136 1.20614
0.105 3 0.030236 1.20619
0.105 3.25 0.025421 1.20602
0.105 3.5 0.0211098 1.20519
0.105 3.75 0.0172166 1.202
0.105 4 0.0137477 1.18996
0.105 4.25 0.0108463 1.1475
0.105 4.5 0.00880263 1.01352
0.105 4.75 0.00786332 0.661028
0.105 5 0.00773736 7.57191e-016
0.105 5.25 0.00786332 -0.661028
0.105 5.5 0.00880263 -1.01352
0.105 5.75 0.0108463 -1.1475
0.105 6 0.0137477 -1.18996
0.105 6.25 0.0172166 -1.202
0.105 6.5 0.0211098 -1.20519
0.105 6.75 0.025421 -1.20602
0.105 7 0.030236 -1.20619
0.105 7.25 0.0357136 -1.20614
0.105 7.5 0.0421014 -1.20595
0.105 7.75 0.0497917 -1.20561
0.105 8 0.0594539 -1.20503
0.105 8.25 0.0723431 -1.20394
0.105 8.5 0.0910159 -1.20152
0.105 8.75 0.120848 -1.1951
0.105 9 0.172529 -1.17602
0.105 9.25 0.263559 -1.11905
0.105 9.5 0.409814 -0.962535
0.105 9.75 0.58831 -0.602289
0.1075 0 0.676333 -1.42853e-016
0.1075 0.25 0.583822 0.591572
0.1075 0.5 0.408683 0.948906
0.1075 0.75 0.263616 1.10609
0.1075 1 0.172548 1.16398
0.1075 1.25 0.120603 1.18353
0.1075 1.5 0.0906126 1.19014
0.1075 1.75 0.0718971 1.19261
0.1075 2 0.0590254 1.19371
0.1075 2.25 0.0494033 1.1943
0.1075 2.5 0.0417584 1.19464
0.1075 2.75 0.0354149 1.19482
0.1075 3 0.0299788 1.19487
0.1075 3.25 0.0252028 1.19469
0.1075 3.5 0.0209291 1.19383
0.1075 3.75 0.017074 1.1905
0.1075 4 0.013647 1.17805
0.1075 4.25 0.0107939 1.13468
0.1075 4.5 0.00880139 0.999677
0.1075 4.75 0.00790086 0.649342
0.1075 5 0.0077858 7.32594e-016
0.1075 5.25 0.00790086 -0.649342
0.1075 5.5 0.00880139 -0.999677
0.1075 5.75 0.0107939 -1.13468
0.1075 6 0.013647 -1.17805
0.1075 6.25 0.017074 -1.1905
0.1075 6.5 0.0209291 -1.19383
0.1075 6.75 0.0252028 -1.19469
0.1075 7 0.0299788 -1.19487
0.1075 7.25 0.0354149 -1.19482
0.1075 7.5 0.0417584 -1.19464
0.1075 7.75 0.0494033 -1.1943
0.1075 8 0.0590254 -1.19371
0.1075 8.25 0.0718971 -1.19261
0.1075 8.5 0.0906126 -1.19014
0.1075 8.75 0.120603 -1.18353
0.1075 9 0.172548 -1.16398
0.1075 9.25 0.263616 -1.10609
0.1075 9.5 0.408683 -0.948906
0.1075 9.75 0.583822 -0.591572
0.11 0 0.669356 -1.4047e-016
0.11 0.25 0.579469 0.581284
0.11 0.5 0.407581 0.935745
0.11 0.75 0.263697 1.09355
0.11 1 0.172605 1.15235
0.11 1.25 0.120396 1.17239
0.11 1.5 0.0902416 1.17917
0.11 1.75 0.0714766 1.1817
0.11 2 0.0586175 1.18281
0.11 2.25 0.0490318 1.1834
0.11 2.5 0.0414295 1.18374
0.11 2.75 0.0351281 1.18393
0.11 3 0.0297318 1.18397
0.11 3.25 0.0249933 1.18378
0.11 3.5 0.0207557 1.18289
0.11 3.75 0.0169374 1.17941
0.11 4 0.0135512 1.16655
0.11 4.25 0.0107451 1.12228
0.11 4.5 0.00880204 0.9863
0.11 4.75 0.00793852 0.638115
0.11 5 0.00783364 7.13886e-016
0.11 5.25 0.00793852 -0.638115
0.11 5.5 0.00880204 -0.9863
0.11 5.75 0.0107451 -1.12228
0.11 6 0.0135512 -1.16655
0.11 6.25 0.0169374 -1.17941
0.11 6.5 0.0207557 -1.18289
0.11 6.75 0.0249933 -1.18378
0.11 7 0.0297318 -1.18397
0.11 7.25 0.0351281 -1.18393
0.11 7.5 0.0414295 -1.18374
0.11 7.75 0.0490318 -1.1834
0.11 8 0.0586175 -1.18281
0.11 8.25 0.0714766 -1.1817
0.11 8.5 0.0902416 -1.17917
0.11 8.75 0.120396 -1.17239
0.11 9 0.172605 -1.15235
0.11 9.25 0.263697 -1.09355
0.11 9.5 0.407581 -0.935745
0.11 9.75 0.579469 -0.581284
0.1125 0 0.662641 -1.38281e-016
0.1125 0.25 0.575247 0.571399
0.1125 0.5 0.406506 0.923027
0.1125 0.75 0.263801 1.08142
0.1125 1 0.172697 1.1411
0.1125 1.25 0.120226 1.16162
0.1125 1.5 0.0899014 1.1686
0.1125 1.75 0.0710804 1.17118
0.1125 2 0.0582289 1.17231
0.1125 2.25 0.0486763 1.1729
0.1125 2.5 0.041114 1.17324
0.1125 2.75 0.0348527 1.17343
0.1125 3 0.0294945 1.17347
0.1125 3.25 0.0247919 1.17327
0.1125 3.5 0.0205891 1.17233
0.1125 3.75 0.0168065 1.16871
0.1125 4 0.01346 1.15544
0.1125 4.25 0.0106997 1.11029
0.1125 4.5 0.00880447 0.973365
0.1125 4.75 0.00797628 0.627322
0.1125 5 0.00788093 6.9653e-016
0.1125 5.25 0.00797628 -0.627322
0.1125 5.5 0.00880447 -0.973365
0.1125 5.75 0.0106997 -1.11029
0.1125 6 0.01346 -1.15544
0.1125 6.25 0.0168065 -1.16871
0.1125 6.5 0.0205891 -1.17233
0.1125 6.75 0.0247919 -1.17327
0.1125 7 0.0294945 -1.17347
0.1125 7.25 0.0348527 -1.17343
0.1125 7.5 0.041114 -1.17324
0.1125 7.75 0.0486763 -1.1729
0.1125 8 0.0582289 -1.17231
0.1125 8.25 0.0710804 -1.17118
0.1125 8.5 0.0899014 -1.1686
0.1125 8.75 0.120226 -1.16162
0.1125 9 0.172697 -1.1411
0.1125 9.25 0.263801 -1.08142
0.1125 9.5 0.406506 -0.923027
0.1125 9.75 0.575247 -0.571399
0.115 0 0.656175 -1.36272e-016
0.115 0.25 0.571149 0.561896
0.115 0.5 0.405458 0.910731
0.115 0.75 0.263925 1.06967
0.115 1 0.172821 1.13022
0.115 1.25 0.12009 1.15123
0.115 1.5 0.0895905 1.1584
0.115 1.75 0.0707074 1.16104
0.115 2 0.0578589 1.16219
0.115 2.25 0.048336 1.16278
0.115 2.5 0.0408112 1.16311
0.115 2.75 0.034588 1.1633
0.115 3 0.0292662 1.16334
0.115 3.25 0.0245982 1.16313
0.115 3.5 0.020429 1.16215
0.115 3.75 0.016681 1.15839
0.115 4 0.0133732 1.1447
0.115 4.25 0.0106574 1.09866
0.115 4.5 0.00880856 0.960851
0.115 4.75 0.00801412 0.61694
0.115 5 0.00792771 6.80429e-016
0.115 5.25 0.00801412 -0.61694
0.115 5.5 0.00880856 -0.960851
0.115 5.75 0.0106574 -1.09866
0.115 6 0.0133732 -1.1447
0.115 6.25 0.016681 -1.15839
0.115 6.5 0.020429 -1.16215
0.115 6.75 0.0245982 -1.16313
0.115 7 0.0292662 -1.16334
0.115 7.25 0.034588 -1.1633
0.115 7.5 0.0408112 -1.16311
0.115 7.75 0.048336 -1.16278
0.115 8 0.0578589 -1.16219
0.115 8.25 0.0707074 -1.16104
0.115 8.5 0.0895905 -1.1584
0.115 8.75 0.12009 -1.15123
0.115 9 0.172821 -1.13022
0.115 9.25 0.263925 -1.06967
0.115 9.5 0.405458 -0.910731
0.115 9.75 0.571149 -0.561896
0.1175 0 0.649944 -1.34426e-016
0.1175 0.25 0.567171 0.552752
0.1175 0.5 0.404434 0.898834
0.1175 0.75 0.264067 1.05827
0.1175 1 0.172975 1.11969
0.1175 1.25 0.119987 1.14117
0.1175 1.5 0.0893074 1.14854
0.1175 1.75 0.0703565 1.15125
0.1175 2 0.0575064 1.15241
0.1175 2.25 0.04801 1.15301
0.1175 2.5 0.0405205 1.15334
0.1175 2.75 0.0343335 1.15353
0.1175 3 0.0290466 1.15357
0.1175 3.25 0.0244118 1.15335
0.1175 3.5 0.020275 1.15232
0.1175 3.75 0.0165607 1.1484
0.1175 4 0.0132905 1.13429
0.1175 4.25 0.0106182 1.0874
0.1175 4.5 0.00881421 0.948736
0.1175 4.75 0.00805204 0.606945
0.1175 5 0.00797403 6.6549e-016
0.1175 5.25 0.00805204 -0.606945
0.1175 5.5 0.00881421 -0.948736
0.1175 5.75 0.0106182 -1.0874
0.1175 6 0.0132905 -1.13429
0.1175 6.25 0.0165607 -1.1484
0.1175 6.5 0.020275 -1.15232
0.1175 6.75 0.0244118 -1.15335
0.1175 7 0.0290466 -1.15357
0.1175 7.25 0.0343335 -1.15353
0.1175 7.5 0.0405205 -1.15334
0.1175 7.75 0.04801 -1.15301
0.1175 8 0.0575064 -1.15241
0.1175 8.25 0.0703565 -1.15125
0.1175 8.5 0.0893074 -1.14854
0.1175 8.75 0.119987 -1.14117
0.1175 9 0.172975 -1.11969
0.1175 9.25 0.264067 -1.05827
0.1175 9.5 0.404434 -0.898834
0.1175 9.75 0.567171 -0.552752
0.12 0 0.643936 -1.32731e-016
0.12 0.25 0.563307 0.543949
0.12 0.5 0.403434 0.887317
0.12 0.75 0.264224 1.04722
0.12 1 0.173158 1.10948
0.12 1.25 0.119914 1.13145
0.12 1.5 0.089051 1.13902
0.12 1.75 0.0700268 1.14179
0.12 2 0.0571707 1.14297
0.12 2.25 0.0476977 1.14357
0.12 2.5 0.0402411 1.14391
0.12 2.75 0.0340887 1.14409
0.12 3 0.0288352 1.14413
0.12 3.25 0.0242323 1.1439
0.12 3.5 0.0201268 1.14283
0.12 3.75 0.0164452 1.13875
0.12 4 0.0132118 1.12422
0.12 4.25 0.0105819 1.07647
0.12 4.5 0.00882133 0.937001
0.12 4.75 0.00809004 0.597318
0.12 5 0.00801993 6.51631e-016
0.12 5.25 0.00809004 -0.597318
0.12 5.5 0.00882133 -0.937001
0.12 5.75 0.0105819 -1.07647
0.12 6 0.0132118 -1.12422
0.12 6.25 0.0164452 -1.13875
0.12 6.5 0.0201268 -1.14283
0.12 6.75 0.0242323 -1.1439
0.12 7 0.0288352 -1.14413
0.12 7.25 0.0340887 -1.14409
0.12 7.5 0.0402411 -1.14391
0.12 7.75 0.0476977 -1.14357
0.12 8 0.0571707 -1.14297
0.12 8.25 0.0700268 -1.14179
0.12 8.5 0.089051 -1.13902
0.12 8.75 0.119914 -1.13145
0.12 9 0.173158 -1.10948
0.12 9.25 0.264224 -1.04722
0.12 9.5 0.403434 -0.887317
0.12 9.75 0.563307 -0.543949
0.1225 0 0.638139 -1.31175e-016
0.1225 0.25 0.559554 0.535468
0.1225 0.5 0.402455 0.876163
0.1225 0.75 0.264396 1.0365
0.1225 1 0.173365 1.09957
0.1225 1.25 0.119871 1.12204
0.1225 1.5 0.0888199 1.12981
0.1225 1.75 0.0697172 1.13265
0.1225 2 0.0568511 1.13385
0.1225 2.25 0.0473984 1.13445
0.1225 2.5 0.0399726 1.13479
0.1225 2.75 0.033853 1.13497
0.1225 3 0.0286315 1.13501
0.1225 3.25 0.0240593 1.13477
0.1225 3.5 0.0199841 1.13365
0.1225 3.75 0.0163343 1.12941
0.1225 4 0.0131368 1.11445
0.1225 4.25 0.0105483 1.06587
0.1225 4.5 0.00882983 0.925628
0.1225 4.75 0.0081281 0.588038
0.1225 5 0.00806545 6.38774e-016
0.1225 5.25 0.0081281 -0.588038
0.1225 5.5 0.00882983 -0.925628
0.1225 5.75 0.0105483 -1.06587
0.1225 6 0.0131368 -1.11445
0.1225 6.25 0.0163343 -1.12941
0.1225 6.5 0.0199841 -1.13365
0.1225 6.75 0.0240593 -1.13477
0.1225 7 0.0286315 -1.13501
0.1225 7.25 0.033853 -1.13497
0.1225 7.5 0.0399726 -1.13479
0.1225 7.75 0.0473984 -1.13445
0.1225 8 0.0568511 -1.13385
0.1225 8.25 0.0697172 -1.13265
0.1225 8.5 0.0888199 -1.12981
0.1225 8.75 0.119871 -1.12204
0.1225 9 0.173365 -1.09957
0.1225 9.25 0.264396 -1.0365
0.1225 9.5 0.402455 -0.876163
0.1225 9.75 0.559554 -0.535468
0.125 0 0.632543 -1.29747e-016
0.125 0.25 0.555908 0.527293
0.125 0.5 0.401498 0.865354
0.125 0.75 0.26458 1.02608
0.125 1 0.173597 1.08997
0.125 1.25 0.119855 1.11292
0.125 1.5 0.0886132 1.12089
0.125 1.75 0.069427 1.12381
0.125 2 0.0565467 1.12503
0.125 2.25 0.0471115 1.12564
0.125 2.5 0.0397144 1.12598
0.125 2.75 0.033626 1.12616
0.125 3 0.0284351 1.12619
0.125 3.25 0.0238926 1.12593
0.125 3.5 0.0198468 1.12476
0.125 3.75 0.0162279 1.12036
0.125 4 0.0130655 1.10498
0.125 4.25 0.0105172 1.05557
0.125 4.5 0.00883962 0.914601
0.125 4.75 0.00816622 0.579089
0.125 5 0.00811061 6.26845e-016
0.125 5.25 0.00816622 -0.579089
0.125 5.5 0.00883962 -0.914601
0.125 5.75 0.0105172 -1.05557
0.125 6 0.0130655 -1.10498
0.125 6.25 0.0162279 -1.12036
0.125 6.5 0.0198468 -1.12476
0.125 6.75 0.0238926 -1.12593
0.125 7 0.0284351 -1.12619
0.125 7.25 0.033626 -1.12616
0.125 7.5 0.0397144 -1.12598
0.125 7.75 0.0471115 -1.12564
0.125 8 0.0565467 -1.12503
0.125 8.25 0.069427 -1.12381
0.125 8.5 0.0886132 -1.12089
0.125 8.75 0.119855 -1.11292
0.125 9 0.173597 -1.08997
0.125 9.25 0.26458 -1.02608
0.125 9.5 0.401498 -0.865354
0.125 9.75 0.555908 -0.527293
0.1275 0 0.627138 -1.28435e-016
0.1275 0.25 0.552363 0.519406
0.1275 0.5 0.400562 0.854875
0.1275 0.75 0.264774 1.01596
0.1275 1 0.173851 1.08064
0.1275 1.25 0.119866 1.10407
0.1275 1.5 0.0884296 1.11226
0.1275 1.75 0.0691553 1.11525
0.1275 2 0.0562569 1.1165
0.1275 2.25 0.0468364 1.11711
0.1275 2.5 0.039466 1.11745
0.1275 2.75 0.0334072 1.11763
0.1275 3 0.0282458 1.11766
0.1275 3.25 0.0237318 1.11739
0.1275 3.5 0.0197144 1.11616
0.1275 3.75 0.0161256 1.1116
0.1275 4 0.0129975 1.09579
0.1275 4.25 0.0104886 1.04557
0.1275 4.5 0.00885063 0.903903
0.1275 4.75 0.0082044 0.570453
0.1275 5 0.00815545 6.15779e-016
0.1275 5.25 0.0082044 -0.570453
0.1275 5.5 0.00885063 -0.903903
0.1275 5.75 0.0104886 -1.04557
0.1275 6 0.0129975 -1.09579
0.1275 6.25 0.0161256 -1.1116
0.1275 6.5 0.0197144 -1.11616
0.1275 6.75 0.0237318 -1.11739
0.1275 7 0.0282458 -1.11766
0.1275 7.25 0.0334072 -1.11763
0.1275 7.5 0.039466 -1.11745
0.1275 7.75 0.0468364 -1.11711
0.1275 8 0.0562569 -1.1165
0.1275 8.25 0.0691553 -1.11525
0.1275 8.5 0.0884296 -1.11226
0.1275 8.75 0.119866 -1.10407
0.1275 9 0.173851 -1.08064
0.1275 9.25 0.264774 -1.01596
0.1275 9.5 0.400562 -0.854875
0.1275 9.75 0.552363 -0.519406
0.13 0 0.621914 -1.27232e-016
0.13 0.25 0.548917 0.511795
0.13 0.5 0.399645 0.844709
0.13 0.75 0.264979 1.00613
0.13 1 0.174125 1.07158
0.13 1.25 0.119901 1.0955
0.13 1.5 0.0882683 1.1039
0.13 1.75 0.0689015 1.10697
0.13 2 0.0559811 1.10823
0.13 2.25 0.0465726 1.10885
0.13 2.5 0.039227 1.10919
0.13 2.75 0.0331964 1.10937
0.13 3 0.0280632 1.1094
0.13 3.25 0.0235767 1.10911
0.13 3.5 0.0195868 1.10783
0.13 3.75 0.0160273 1.1031
0.13 4 0.0129327 1.08686
0.13 4.25 0.0104624 1.03585
0.13 4.5 0.0088628 0.893521
0.13 4.75 0.00824264 0.562115
0.13 5 0.0082 6.05512e-016
0.13 5.25 0.00824264 -0.562115
0.13 5.5 0.0088628 -0.893521
0.13 5.75 0.0104624 -1.03585
0.13 6 0.0129327 -1.08686
0.13 6.25 0.0160273 -1.1031
0.13 6.5 0.0195868 -1.10783
0.13 6.75 0.0235767 -1.10911
0.13 7 0.0280632 -1.1094
0.13 7.25 0.0331964 -1.10937
0.13 7.5 0.039227 -1.10919
0.13 7.75 0.0465726 -1.10885
0.13 8 0.0559811 -1.10823
0.13 8.25 0.0689015 -1.10697
0.13 8.5 0.0882683 -1.1039
0.13 8.75 0.119901 -1.0955
0.13 9 0.174125 -1.07158
0.13 9.25 0.264979 -1.00613
0.13 9.5 0.399645 -0.844709
0.13 9.75 0.548917 -0.511795
0.1325 0 0.616864 -1.26155e-016
0.1325 0.25 0.545566 0.504444
0.1325 0.5 0.398747 0.834844
0.1325 0.75 0.265192 0.996559
0.1325 1 0.174417 1.06277
0.1325 1.25 0.119959 1.08717
0.1325 1.5 0.0881282 1.0958
0.1325 1.75 0.0686647 1.09894
0.1325 2 0.0557188 1.10023
0.1325 2.25 0.0463197 1.10085
0.1325 2.5 0.0389969 1.10119
0.1325 2.75 0.032993 1.10137
0.1325 3 0.0278869 1.1014
0.1325 3.25 0.0234269 1.1011
0.1325 3.5 0.0194637 1.09976
0.1325 3.75 0.0159329 1.09485
0.1325 4 0.0128711 1.07819
0.1325 4.25 0.0104384 1.02639
0.1325 4.5 0.00887606 0.883439
0.1325 4.75 0.00828093 0.55406
0.1325 5 0.00824427 5.95987e-016
0.1325 5.25 0.00828093 -0.55406
0.1325 5.5 0.00887606 -0.883439
0.1325 5.75 0.0104384 -1.02639
0.1325 6 0.0128711 -1.07819
0.1325 6.25 0.0159329 -1.09485
0.1325 6.5 0.0194637 -1.09976
0.1325 6.75 0.0234269 -1.1011
0.1325 7 0.0278869 -1.1014
0.1325 7.25 0.032993 -1.10137
0.1325 7.5 0.0389969 -1.10119
0.1325 7.75 0.0463197 -1.10085
0.1325 8 0.0557188 -1.10023
0.1325 8.25 0.0686647 -1.09894
0.1325 8.5 0.0881282 -1.0958
0.1325 8.75 0.119959 -1.08717
0.1325 9 0.174417 -1.06277
0.1325 9.25 0.265192 -0.996559
0.1325 9.5 0.398747 -0.834844
0.1325 9.75 0.545566 -0.504444
0.135 0 0.611978 -1.25564e-016
0.135 0.25 0.542306 0.497341
0.135 0.5 0.397867 0.825267
0.135 0.75 0.265412 0.987251
0.135 1 0.174728 1.0542
0.135 1.25 0.12004 1.07909
0.135 1.5 0.0880085 1.08793
0.135 1.75 0.0684443 1.09116
0.135 2 0.0554695 1.09247
0.135 2.25 0.0460771 1.0931
0.135 2.5 0.0387754 1.09345
0.135 2.75 0.0327969 1.09362
0.135 3 0.0277166 1.09364
0.135 3.25 0.0232823 1.09332
0.135 3.5 0.019345 1.09193
0.135 3.75 0.015842 1.08685
0.135 4 0.0128124 1.06976
0.135 4.25 0.0104164 1.01719
0.135 4.5 0.00889036 0.873645
0.135 4.75 0.00831927 0.546274
0.135 5 0.0082883 5.8715e-016
0.135 5.25 0.00831927 -0.546274
0.135 5.5 0.00889036 -0.873645
0.135 5.75 0.0104164 -1.01719
0.135 6 0.0128124 -1.06976
0.135 6.25 0.015842 -1.08685
0.135 6.5 0.019345 -1.09193
0.135 6.75 0.0232823 -1.09332
0.135 7 0.0277166 -1.09364
0.135 7.25 0.0327969 -1.09362
0.135 7.5 0.0387754 -1.09345
0.135 7.75 0.0460771 -1.0931
0.135 8 0.0554695 -1.09247
0.135 8.25 0.0684443 -1.09116
0.135 8.5 0.0880085 -1.08793
0.135 8.75 0.12004 -1.07909
0.135 9 0.174728 -1.0542
0.135 9.25 0.265412 -0.987251
0.135 9.5 0.397867 -0.825267
0.135 9.75 0.542306 -0.497341
0.1375 0 0.607249 -1.246e-016
0.1375 0.25 0.539134 0.490475
0.1375 0.5 0.397005 0.815964
0.1375 0.75 0.26564 0.97819
0.1375 1 0.175054 1.04587
0.1375 1.25 0.120142 1.07124
0.1375 1.5 0.0879084 1.0803
0.1375 1.75 0.0682398 1.08361
0.1375 2 0.0552325 1.08495
0.1375 2.25 0.0458445 1.08559
0.1375 2.5 0.038562 1.08593
0.1375 2.75 0.0326075 1.08611
0.1375 3 0.0275522 1.08613
0.1375 3.25 0.0231426 1.08579
0.1375 3.5 0.0192304 1.08433
0.1375 3.75 0.0157547 1.07908
0.1375 4 0.0127566 1.06156
0.1375 4.25 0.0103965 1.00823
0.1375 4.5 0.00890562 0.864127
0.1375 4.75 0.00835767 0.538745
0.1375 5 0.00833211 5.78952e-016
0.1375 5.25 0.00835767 -0.538745
0.1375 5.5 0.00890562 -0.864127
0.1375 5.75 0.0103965 -1.00823
0.1375 6 0.0127566 -1.06156
0.1375 6.25 0.0157547 -1.07908
0.1375 6.5 0.0192304 -1.08433
0.1375 6.75 0.0231426 -1.08579
0.1375 7 0.0275522 -1.08613
0.1375 7.25 0.0326075 -1.08611
0.1375 7.5 0.038562 -1.08593
0.1375 7.75 0.0458445 -1.08559
0.1375 8 0.0552325 -1.08495
0.1375 8.25 0.0682398 -1.08361
0.1375 8.5 0.0879084 -1.0803
0.1375 8.75 0.120142 -1.07124
0.1375 9 0.175054 -1.04587
0.1375 9.25 0.26564 -0.97819
0.1375 9.5 0.397005 -0.815964
0.1375 9.75 0.539134 -0.490475
0.14 0 0.602671 -1.23716e-016
0.14 0.25 0.536047 0.483833
0.14 0.5 0.39616 0.806924
0.14 0.75 0.265872 0.969365
0.14 1 0.175395 1.03775
0.14 1.25 0.120263 1.0636
0.14 1.5 0.0878271 1.07289
0.14 1.75 0.0680505 1.07628
0.14 2 0.0550075 1.07765
0.14 2.25 0.0456214 1.0783
0.14 2.5 0.0383565 1.07864
0.14 2.75 0.0324248 1.07882
0.14 3 0.0273933 1.07883
0.14 3.25 0.0230075 1.07848
0.14 3.5 0.0191198 1.07696
0.14 3.75 0.0156708 1.07152
0.14 4 0.0127035 1.05358
0.14 4.25 0.0103785 0.999503
0.14 4.5 0.00892182 0.854873
0.14 4.75 0.00839611 0.53146
0.14 5 0.00837571 5.71346e-016
0.14 5.25 0.00839611 -0.53146
0.14 5.5 0.00892182 -0.854873
0.14 5.75 0.0103785 -0.999503
0.14 6 0.0127035 -1.05358
0.14 6.25 0.0156708 -1.07152
0.14 6.5 0.0191198 -1.07696
0.14 6.75 0.0230075 -1.07848
0.14 7 0.0273933 -1.07883
0.14 7.25 0.0324248 -1.07882
0.14 7.5 0.0383565 -1.07864
0.14 7.75 0.0456214 -1.0783
0.14 8 0.0550075 -1.07765
0.14 8.25 0.0680505 -1.07628
0.14 8.5 0.0878271 -1.07289
0.14 8.75 0.120263 -1.0636
0.14 9 0.175395 -1.03775
0.14 9.25 0.265872 -0.969365
0.14 9.5 0.39616 -0.806924
0.14 9.75 0.536047 -0.483833
0.1425 0 0.598236 -1.22906e-016
0.1425 0.25 0.533042 0.477404
0.1425 0.5 0.395332 0.798136
0.1425 0.75 0.26611 0.960768
0.1425 1 0.175749 1.02985
0.1425 1.25 0.120404 1.05617
0.1425 1.5 0.0877637 1.06569
0.1425 1.75 0.0678759 1.06917
0.1425 2 0.054794 1.07057
0.1425 2.25 0.0454075 1.07122
0.1425 2.5 0.0381585 1.07157
0.1425 2.75 0.0322483 1.07175
0.1425 3 0.0272396 1.07175
0.1425 3.25 0.022877 1.07138
0.1425 3.5 0.019013 1.0698
0.1425 3.75 0.01559 1.06418
0.1425 4 0.0126529 1.04581
0.1425 4.25 0.0103623 0.991003
0.1425 4.5 0.00893889 0.845873
0.1425 4.75 0.00843461 0.524409
0.1425 5 0.00841912 5.64289e-016
0.1425 5.25 0.00843461 -0.524409
0.1425 5.5 0.00893889 -0.845873
0.1425 5.75 0.0103623 -0.991003
0.1425 6 0.0126529 -1.04581
0.1425 6.25 0.01559 -1.06418
0.1425 6.5 0.019013 -1.0698
0.1425 6.75 0.022877 -1.07138
0.1425 7 0.0272396 -1.07175
0.1425 7.25 0.0322483 -1.07175
0.1425 7.5 0.0381585 -1.07157
0.1425 7.75 0.0454075 -1.07122
0.1425 8 0.054794 -1.07057
0.1425 8.25 0.0678759 -1.06917
0.1425 8.5 0.0877637 -1.06569
0.1425 8.75 0.120404 -1.05617
0.1425 9 0.175749 -1.02985
0.1425 9.25 0.26611 -0.960768
0.1425 9.5 0.395332 -0.798136
0.1425 9.75 0.533042 -0.477404
0.145 0 0.593938 -1.22162e-016
0.145 0.25 0.530116 0.47118
0.145 0.5 0.39452 0.78959
0.145 0.75 0.266352 0.952388
0.145 1 0.176117 1.02215
0.145 1.25 0.120562 1.04894
0.145 1.5 0.0877177 1.05869
0.145 1.75 0.0677155 1.06226
0.145 2 0.0545916 1.06369
0.145 2.25 0.0452024 1.06435
0.145 2.5 0.0379676 1.0647
0.145 2.75 0.0320778 1.06488
0.145 3 0.0270911 1.06488
0.145 3.25 0.0227507 1.06448
0.145 3.5 0.0189098 1.06284
0.145 3.75 0.0155123 1.05703
0.145 4 0.0126049 1.03824
0.145 4.25 0.0103479 0.982717
0.145 4.5 0.00895679 0.837116
0.145 4.75 0.00847316 0.51758
0.145 5 0.00846237 5.57743e-016
0.145 5.25 0.00847316 -0.51758
0.145 5.5 0.00895679 -0.837116
0.145 5.75 0.0103479 -0.982717
0.145 6 0.0126049 -1.03824
0.145 6.25 0.0155123 -1.05703
0.145 6.5 0.0189098 -1.06284
0.145 6.75 0.0227507 -1.06448
0.145 7 0.0270911 -1.06488
0.145 7.25 0.0320778 -1.06488
0.145 7.5 0.0379676 -1.0647
0.145 7.75 0.0452024 -1.06435
0.145 8 0.0545916 -1.06369
0.145 8.25 0.0677155 -1.06226
0.145 8.5 0.0877177 -1.05869
0.145 8.75 0.120562 -1.04894
0.145 9 0.176117 -1.02215
0.145 9.25 0.266352 -0.952388
0.145 9.5 0.39452 -0.78959
0.145 9.75 0.530116 -0.47118
0.1475 0 0.589772 -1.21481e-016
0.1475 0.25 0.527267 0.465151
0.1475 0.5 0.393724 0.781277
0.1475 0.75 0.266598 0.944217
0.1475 1 0.176495 1.01464
0.1475 1.25 0.120738 1.04191
0.1475 1.5 0.0876882 1.05188
0.1475 1.75 0.0675688 1.05555
0.1475 2 0.0544 1.05701
0.1475 2.25 0.0450058 1.05768
0.1475 2.5 0.0377837 1.05803
0.1475 2.75 0.0319131 1.05821
0.1475 3 0.0269474 1.0582
0.1475 3.25 0.0226285 1.05778
0.1475 3.5 0.0188101 1.05607
0.1475 3.75 0.0154376 1.05008
0.1475 4 0.0125592 1.03086
0.1475 4.25 0.0103352 0.974638
0.1475 4.5 0.0089755 0.828593
0.1475 4.75 0.00851176 0.510964
0.1475 5 0.00850547 5.51669e-016
0.1475 5.25 0.00851176 -0.510964
0.1475 5.5 0.0089755 -0.828593
0.1475 5.75 0.0103352 -0.974638
0.1475 6 0.0125592 -1.03086
0.1475 6.25 0.0154376 -1.05008
0.1475 6.5 0.0188101 -1.05607
0.1475 6.75 0.0226285 -1.05778
0.1475 7 0.0269474 -1.0582
0.1475 7.25 0.0319131 -1.05821
0.1475 7.5 0.0377837 -1.05803
0.1475 7.75 0.0450058 -1.05768
0.1475 8 0.0544 -1.05701
0.1475 8.25 0.0675688 -1.05555
0.1475 8.5 0.0876882 -1.05188
0.1475 8.75 0.120738 -1.04191
0.1475 9 0.176495 -1.01464
0.1475 9.25 0.266598 -0.944217
0.1475 9.5 0.393724 -0.781277
0.1475 9.75 0.527267 -0.465151
0.15 0 0.585731 -1.20857e-016
0.15 0.25 0.524491 0.459308
0.15 0.5 0.392943 0.773185
0.15 0.75 0.266847 0.936247
0.15 1 0.176885 1.00731
0.15 1.25 0.120929 1.03505
0.15 1.5 0.0876748 1.04526
0.15 1.75 0.0674353 1.04902
0.15 2 0.0542187 1.05052
0.15 2.25 0.0448173 1.0512
0.15 2.5 0.0376065 1.05155
0.15 2.75 0.0317539 1.05172
0.15 3 0.0268083 1.05171
0.15 3.25 0.0225103 1.05127
0.15 3.5 0.0187138 1.04949
0.15 3.75 0.0153657 1.04331
0.15 4 0.0125158 1.02367
0.15 4.25 0.010324 0.966756
0.15 4.5 0.00899495 0.820293
0.15 4.75 0.00855041 0.504551
0.15 5 0.00854842 5.46035e-016
0.15 5.25 0.00855041 -0.504551
0.15 5.5 0.00899495 -0.820293
0.15 5.75 0.010324 -0.966756
0.15 6 0.0125158 -1.02367
0.15 6.25 0.0153657 -1.04331
0.15 6.5 0.0187138 -1.04949
0.15 6.75 0.0225103 -1.05127
0.15 7 0.0268083 -1.05171
0.15 7.25 0.0317539 -1.05172
0.15 7.5 0.0376065 -1.05155
0.15 7.75 0.0448173 -1.0512
0.15 8 0.0542187 -1.05052
0.15 8.25 0.0674353 -1.04902
0.15 8.5 0.0876748 -1.04526
0.15 8.75 0.120929 -1.03505
0.15 9 0.176885 -1.00731
0.15 9.25 0.266847 -0.936247
0.15 9.5 0.392943 -0.773185
0.15 9.75 0.524491 -0.459308
0.1525 0 0.58181 -1.20285e-016
0.1525 0.25 0.521788 0.453642
0.1525 0.5 0.392178 0.765308
0.1525 0.75 0.267099 0.92847
0.1525 1 0.177284 1.00017
0.1525 1.25 0.121136 1.02837
0.1525 1.5 0.0876767 1.03882
0.1525 1.75 0.0673145 1.04267
0.1525 2 0.0540474 1.0442
0.1525 2.25 0.0446368 1.04489
0.1525 2.5 0.0374356 1.04525
0.1525 2.75 0.0316 1.04542
0.1525 3 0.0266738 1.0454
0.1525 3.25 0.0223959 1.04494
0.1525 3.5 0.0186207 1.04308
0.1525 3.75 0.0152965 1.03671
0.1525 4 0.0124746 1.01666
0.1525 4.25 0.0103144 0.959066
0.1525 4.5 0.00901513 0.81221
0.1525 4.75 0.00858912 0.498332
0.1525 5 0.00859126 5.40807e-016
0.1525 5.25 0.00858912 -0.498332
0.1525 5.5 0.00901513 -0.81221
0.1525 5.75 0.0103144 -0.959066
0.1525 6 0.0124746 -1.01666
0.1525 6.25 0.0152965 -1.03671
0.1525 6.5 0.0186207 -1.04308
0.1525 6.75 0.0223959 -1.04494
0.1525 7 0.0266738 -1.0454
0.1525 7.25 0.0316 -1.04542
0.1525 7.5 0.0374356 -1.04525
0.1525 7.75 0.0446368 -1.04489
0.1525 8 0.0540474 -1.0442
0.1525 8.25 0.0673145 -1.04267
0.1525 8.5 0.0876767 -1.03882
0.1525 8.75 0.121136 -1.02837
0.1525 9 0.177284 -1.00017
0.1525 9.25 0.267099 -0.92847
0.1525 9.5 0.392178 -0.765308
0.1525 9.75 0.521788 -0.453642
0.155 0 0.578005 -1.19762e-016
0.155 0.25 0.519153 0.448146
0.155 0.5 0.391427 0.757637
0.155 0.75 0.267353 0.92088
0.155 1 0.177693 0.993195
0.155 1.25 0.121358 1.02186
0.155 1.5 0.0876934 1.03254
0.155 1.75 0.0672061 1.03649
0.155 2 0.0538858 1.03806
0.155 2.25 0.0444639 1.03876
0.155 2.5 0.037271 1.03912
0.155 2.75 0.0314512 1.03929
0.155 3 0.0265435 1.03926
0.155 3.25 0.0222852 1.03878
0.155 3.5 0.0185307 1.03685
0.155 3.75 0.0152299 1.03029
0.155 4 0.0124355 1.00981
0.155 4.25 0.0103063 0.951558
0.155 4.5 0.009036 0.804334
0.155 4.75 0.00862789 0.492299
0.155 5 0.00863399 5.35958e-016
0.155 5.25 0.00862789 -0.492299
0.155 5.5 0.009036 -0.804334
0.155 5.75 0.0103063 -0.951558
0.155 6 0.0124355 -1.00981
0.155 6.25 0.0152299 -1.03029
0.155 6.5 0.0185307 -1.03685
0.155 6.75 0.0222852 -1.03878
0.155 7 0.0265435 -1.03926
0.155 7.25 0.0314512 -1.03929
0.155 7.5 0.037271 -1.03912
0.155 7.75 0.0444639 -1.03876
0.155 8 0.0538858 -1.03806
0.155 8.25 0.0672061 -1.03649
0.155 8.5 0.0876934 -1.03254
0.155 8.75 0.121358 -1.02186
0.155 9 0.177693 -0.993195
0.155 9.25 0.267353 -0.92088
0.155 9.5 0.391427 -0.757637
0.155 9.75 0.519153 -0.448146
0.1575 0 0.57431 -1.19283e-016
0.1575 0.25 0.516585 0.442813
0.1575 0.5 0.390691 0.750163
0.1575 0.75 0.267609 0.913468
0.1575 1 0.178109 0.986385
0.1575 1.25 0.121593 1.01551
0.1575 1.5 0.0877243 1.02643
0.1575 1.75 0.0671097 1.03048
0.1575 2 0.0537336 1.03208
0.1575 2.25 0.0442984 1.03279
0.1575 2.5 0.0371122 1.03315
0.1575 2.75 0.0313074 1.03332
0.1575 3 0.0264173 1.03329
0.1575 3.25 0.0221779 1.03278
0.1575 3.5 0.0184437 1.03078
0.1575 3.75 0.0151659 1.02402
0.1575 4 0.0123985 1.00313
0.1575 4.25 0.0102995 0.944227
0.1575 4.5 0.00905752 0.796657
0.1575 4.75 0.0086667 0.486445
0.1575 5 0.00867661 5.26067e-016
0.1575 5.25 0.0086667 -0.486445
0.1575 5.5 0.00905752 -0.796657
0.1575 5.75 0.0102995 -0.944227
0.1575 6 0.0123985 -1.00313
0.1575 6.25 0.0151659 -1.02402
0.1575 6.5 0.0184437 -1.03078
0.1575 6.75 0.0221779 -1.03278
0.1575 7 0.0264173 -1.03329
0.1575 7.25 0.0313074 -1.03332
0.1575 7.5 0.0371122 -1.03315
0.1575 7.75 0.0442984 -1.03279
0.1575 8 0.0537336 -1.03208
0.1575 8.25 0.0671097 -1.03048
0.1575 8.5 0.0877243 -1.02643
0.1575 8.75 0.121593 -1.01551
0.1575 9 0.178109 -0.986385
0.1575 9.25 0.267609 -0.913468
0.1575 9.5 0.390691 -0.750163
0.1575 9.75 0.516585 -0.442813
0.16 0 0.570722 -1.18845e-016
0.16 0.25 0.514081 0.437635
0.16 0.5 0.389969 0.742879
0.16 0.75 0.267866 0.906228
0.16 1 0.178533 0.979733
0.16 1.25 0.121841 1.00931
0.16 1.5 0.0877688 1.02047
0.16 1.75 0.0670249 1.02462
0.16 2 0.0535905 1.02626
0.16 2.25 0.04414 1.02698
0.16 2.5 0.0369592 1.02735
0.16 2.75 0.0311682 1.02752
0.16 3 0.0262952 1.02748
0.16 3.25 0.022074 1.02694
0.16 3.5 0.0183596 1.02486
0.16 3.75 0.0151042 1.01791
0.16 4 0.0123634 0.996609
0.16 4.25 0.0102941 0.937066
0.16 4.5 0.00907967 0.789173
0.16 4.75 0.00870558 0.48076
0.16 5 0.00871916 5.15865e-016
0.16 5.25 0.00870558 -0.48076
0.16 5.5 0.00907967 -0.789173
0.16 5.75 0.0102941 -0.937066
0.16 6 0.0123634 -0.996609
0.16 6.25 0.0151042 -1.01791
0.16 6.5 0.0183596 -1.02486
0.16 6.75 0.022074 -1.02694
0.16 7 0.0262952 -1.02748
0.16 7.25 0.0311682 -1.02752
0.16 7.5 0.0369592 -1.02735
0.16 7.75 0.04414 -1.02698
0.16 8 0.0535905 -1.02626
0.16 8.25 0.0670249 -1.02462
0.16 8.5 0.0877688 -1.02047
0.16 8.75 0.121841 -1.00931
0.16 9 0.178533 -0.979733
0.16 9.25 0.267866 -0.906228
0.16 9.5 0.389969 -0.742879
0.16 9.75 0.514081 -0.437635
0.1625 0 0.567235 -1.1734e-016
0.1625 0.25 0.511641 0.432606
0.1625 0.5 0.389261 0.735779
0.1625 0.75 0.268125 0.899155
0.1625 1 0.178964 0.973234
0.1625 1.25 0.122102 1.00326
0.1625 1.5 0.0878266 1.01466
0.1625 1.75 0.0669513 1.01892
0.1625 2 0.0534562 1.02059
0.1625 2.25 0.0439885 1.02133
0.1625 2.5 0.0368118 1.02169
0.1625 2.75 0.0310337 1.02186
0.1625 3 0.0261768 1.02181
0.1625 3.25 0.0219733 1.02125
0.1625 3.5 0.0182782 1.0191
0.1625 3.75 0.015045 1.01195
0.1625 4 0.0123302 0.990237
0.1625 4.25 0.01029 0.930069
0.1625 4.5 0.00910243 0.781874
0.1625 4.75 0.00874452 0.475239
0.1625 5 0.00876162 5.064e-016
0.1625 5.25 0.00874452 -0.475239
0.1625 5.5 0.00910243 -0.781874
0.1625 5.75 0.01029 -0.930069
0.1625 6 0.0123302 -0.990237
0.1625 6.25 0.015045 -1.01195
0.1625 6.5 0.0182782 -1.0191
0.1625 6.75 0.0219733 -1.02125
0.1625 7 0.0261768 -1.02181
0.1625 7.25 0.0310337 -1.02186
0.1625 7.5 0.0368118 -1.02169
0.1625 7.75 0.0439885 -1.02133
0.1625 8 0.0534562 -1.02059
0.1625 8.25 0.0669513 -1.01892
0.1625 8.5 0.0878266 -1.01466
0.1625 8.75 0.122102 -1.00326
0.1625 9 0.178964 -0.973234
0.1625 9.25 0.268125 -0.899155
0.1625 9.5 0.389261 -0.735779
0.1625 9.75 0.511641 -0.432606
0.165 0 0.563847 -1.16672e-016
0.165 0.25 0.509261 0.42772
0.165 0.5 0.388567 0.728855
0.165 0.75 0.268385 0.892242
0.165 1 0.179402 0.96688
0.165 1.25 0.122375 0.997356
0.165 1.5 0.087897 1.00899
0.165 1.75 0.0668885 1.01336
0.165 2 0.0533305 1.01507
0.165 2.25 0.0438437 1.01582
0.165 2.5 0.0366697 1.01619
0.165 2.75 0.0309035 1.01635
0.165 3 0.0260622 1.0163
0.165 3.25 0.0218758 1.01571
0.165 3.5 0.0181995 1.01348
0.165 3.75 0.0149879 1.00614
0.165 4 0.0122988 0.98401
0.165 4.25 0.0102872 0.92323
0.165 4.5 0.00912576 0.774753
0.165 4.75 0.00878352 0.469874
0.165 5 0.00880403 4.95756e-016
0.165 5.25 0.00878352 -0.469874
0.165 5.5 0.00912576 -0.774753
0.165 5.75 0.0102872 -0.92323
0.165 6 0.0122988 -0.98401
0.165 6.25 0.0149879 -1.00614
0.165 6.5 0.0181995 -1.01348
0.165 6.75 0.0218758 -1.01571
0.165 7 0.0260622 -1.0163
0.165 7.25 0.0309035 -1.01635
0.165 7.5 0.0366697 -1.01619
0.165 7.75 0.0438437 -1.01582
0.165 8 0.0533305 -1.01507
0.165 8.25 0.0668885 -1.01336
0.165 8.5 0.087897 -1.00899
0.165 8.75 0.122375 -0.997356
0.165 9 0.179402 -0.96688
0.165 9.25 0.268385 -0.892242
0.165 9.5 0.388567 -0.728855
0.165 9.75 0.509261 -0.42772
0.1675 0 0.560554 -1.16444e-016
0.1675 0.25 0.506939 0.422971
0.1675 0.5 0.387886 0.722101
0.1675 0.75 0.268645 0.885484
0.1675 1 0.179845 0.960667
0.1675 1.25 0.122659 0.991587
0.1675 1.5 0.0879797 1.00346
0.1675 1.75 0.0668363 1.00793
0.1675 2 0.0532131 1.00969
0.1675 2.25 0.0437053 1.01045
0.1675 2.5 0.0365327 1.01082
0.1675 2.75 0.0307776 1.01099
0.1675 3 0.0259511 1.01092
0.1675 3.25 0.0217813 1.01031
0.1675 3.5 0.0181234 1.008
0.1675 3.75 0.0149331 1.00046
0.1675 4 0.0122692 0.977924
0.1675 4.25 0.0102855 0.916544
0.1675 4.5 0.00914964 0.767805
0.1675 4.75 0.00882258 0.46466
0.1675 5 0.00884637 4.85605e-016
0.1675 5.25 0.00882258 -0.46466
0.1675 5.5 0.00914964 -0.767805
0.1675 5.75 0.0102855 -0.916544
0.1675 6 0.0122692 -0.977924
0.1675 6.25 0.0149331 -1.00046
0.1675 6.5 0.0181234 -1.008
0.1675 6.75 0.0217813 -1.01031
0.1675 7 0.0259511 -1.01092
0.1675 7.25 0.0307776 -1.01099
0.1675 7.5 0.0365327 -1.01082
0.1675 7.75 0.0437053 -1.01045
0.1675 8 0.0532131 -1.00969
0.1675 8.25 0.0668363 -1.00793
0.1675 8.5 0.0879797 -1.00346
0.1675 8.75 0.122659 -0.991587
0.1675 9 0.179845 -0.960667
0.1675 9.25 0.268645 -0.885484
0.1675 9.5 0.387886 -0.722101
0.1675 9.75 0.506939 -0.422971
0.17 0 0.557351 -1.16237e-016
0.17 0.25 0.504675 0.418353
0.17 0.5 0.387218 0.715511
0.17 0.75 0.268906 0.878875
0.17 1 0.180293 0.954591
0.17 1.25 0.122953 0.985949
0.17 1.5 0.0880741 0.998069
0.17 1.75 0.0667944 1.00265
0.17 2 0.0531038 1.00444
0.17 2.25 0.0435733 1.00522
0.17 2.5 0.0364008 1.00559
0.17 2.75 0.0306558 1.00576
0.17 3 0.0258434 1.00569
0.17 3.25 0.0216897 1.00504
0.17 3.5 0.0180497 1.00265
0.17 3.75 0.0148803 0.994908
0.17 4 0.0122412 0.971973
0.17 4.25 0.010285 0.910004
0.17 4.5 0.00917405 0.761023
0.17 4.75 0.0088617 0.459591
0.17 5 0.00888867 4.72755e-016
0.17 5.25 0.0088617 -0.459591
0.17 5.5 0.00917405 -0.761023
0.17 5.75 0.010285 -0.910004
0.17 6 0.0122412 -0.971973
0.17 6.25 0.0148803 -0.994908
0.17 6.5 0.0180497 -1.00265
0.17 6.75 0.0216897 -1.00504
0.17 7 0.0258434 -1.00569
0.17 7.25 0.0306558 -1.00576
0.17 7.5 0.0364008 -1.00559
0.17 7.75 0.0435733 -1.00522
0.17 8 0.0531038 -1.00444
0.17 8.25 0.0667944 -1.00265
0.17 8.5 0.0880741 -0.998069
0.17 8.75 0.122953 -0.985949
0.17 9 0.180293 -0.954591
0.17 9.25 0.268906 -0.878875
0.17 9.5 0.387218 -0.715511
0.17 9.75 0.504675 -0.418353
0.1725 0 0.554235 -1.16049e-016
0.1725 0.25 0.502466 0.413862
0.1725 0.5 0.386563 0.709079
0.1725 0.75 0.269167 0.872411
0.1725 1 0.180746 0.948645
0.1725 1.25 0.123257 0.980439
0.1725 1.5 0.0881798 0.992801
0.1725 1.75 0.0667624 0.997487
0.1725 2 0.0530023 0.999323
0.1725 2.25 0.0434474 1.00011
0.1725 2.5 0.0362737 1.0005
0.1725 2.75 0.0305379 1.00066
0.1725 3 0.0257391 1.00058
0.1725 3.25 0.0216009 0.999906
0.1725 3.5 0.0179785 0.997429
0.1725 3.75 0.0148296 0.989487
0.1725 4 0.0122149 0.966152
0.1725 4.25 0.0102856 0.903607
0.1725 4.5 0.00919898 0.754401
0.1725 4.75 0.00890089 0.454659
0.1725 5 0.00893093 4.59987e-016
0.1725 5.25 0.00890089 -0.454659
0.1725 5.5 0.00919898 -0.754401
0.1725 5.75 0.0102856 -0.903607
0.1725 6 0.0122149 -0.966152
0.1725 6.25 0.0148296 -0.989487
0.1725 6.5 0.0179785 -0.997429
0.1725 6.75 0.0216009 -0.999906
0.1725 7 0.0257391 -1.00058
0.1725 7.25 0.0305379 -1.00066
0.1725 7.5 0.0362737 -1.0005
0.1725 7.75 0.0434474 -1.00011
0.1725 8 0.0530023 -0.999323
0.1725 8.25 0.0667624 -0.997487
0.1725 8.5 0.0881798 -0.992801
0.1725 8.75 0.123257 -0.980439
0.1725 9 0.180746 -0.948645
0.1725 9.25 0.269167 -0.872411
0.1725 9.5 0.386563 -0.709079
0.1725 9.75 0.502466 -0.413862
0.175 0 0.551204 -1.14938e-016
0.175 0.25 0.50031 0.409491
0.175 0.5 0.385922 0.702799
0.175 0.75 0.269428 0.866086
0.175 1 0.181204 0.942826
0.175 1.25 0.123571 0.97505
0.175 1.5 0.0882965 0.987656
0.175 1.75 0.06674 0.992452
0.175 2 0.0529086 0.994332
0.175 2.25 0.0433275 0.995139
0.175 2.5 0.0361514 0.995523
0.175 2.75 0.0304239 0.995685
0.175 3 0.0256379 0.995595
0.175 3.25 0.0215148 0.994893
0.175 3.5 0.0179095 0.992332
0.175 3.75 0.0147809 0.984189
0.175 4 0.0121901 0.960456
0.175 4.25 0.0102873 0.897348
0.175 4.5 0.0092244 0.747934
0.175 4.75 0.00894015 0.449862
0.175 5 0.00897316 4.48142e-016
0.175 5.25 0.00894015 -0.449862
0.175 5.5 0.0092244 -0.747934
0.175 5.75 0.0102873 -0.897348
0.175 6 0.0121901 -0.960456
0.175 6.25 0.0147809 -0.984189
0.175 6.5 0.0179095 -0.992332
0.175 6.75 0.0215148 -0.994893
0.175 7 0.0256379 -0.995595
0.175 7.25 0.0304239 -0.995685
0.175 7.5 0.0361514 -0.995523
0.175 7.75 0.0433275 -0.995139
0.175 8 0.0529086 -0.994332
0.175 8.25 0.06674 -0.992452
0.175 8.5 0.0882965 -0.987656
0.175 8.75 0.123571 -0.97505
0.175 9 0.181204 -0.942826
0.175 9.25 0.269428 -0.866086
0.175 9.5 0.385922 -0.702799
0.175 9.75 0.50031 -0.409491
0.1775 0 0.548254 -1.1088e-016
0.1775 0.25 0.498206 0.405237
0.1775 0.5 0.385292 0.696667
0.1775 0.75 0.269689 0.859896
0.1775 1 0.181665 0.93713
0.1775 1.25 0.123894 0.96978
0.1775 1.5 0.0884237 0.982629
0.1775 1.75 0.066727 0.987538
0.1775 2 0.0528222 0.989461
0.1775 2.25 0.0432133 0.990284
0.1775 2.5 0.0360336 0.990673
0.1775 2.75 0.0303137 0.990833
0.1775 3 0.0255398 0.990733
0.1775 3.25 0.0214313 0.99
0.1775 3.5 0.0178428 0.987354
0.1775 3.75 0.014734 0.97901
0.1775 4 0.0121668 0.954882
0.1775 4.25 0.01029 0.891222
0.1775 4.5 0.00925029 0.741617
0.1775 4.75 0.00897947 0.445192
0.1775 5 0.00901537 4.37152e-016
0.1775 5.25 0.00897947 -0.445192
0.1775 5.5 0.00925029 -0.741617
0.1775 5.75 0.01029 -0.891222
0.1775 6 0.0121668 -0.954882
0.1775 6.25 0.014734 -0.97901
0.1775 6.5 0.0178428 -0.987354
0.1775 6.75 0.0214313 -0.99
0.1775 7 0.0255398 -0.990733
0.1775 7.25 0.0303137 -0.990833
0.1775 7.5 0.0360336 -0.990673
0.1775 7.75 0.0432133 -0.990284
0.1775 8 0.0528222 -0.989461
0.1775 8.25 0.066727 -0.987538
0.1775 8.5 0.0884237 -0.982629
0.1775 8.75 0.123894 -0.96978
0.1775 9 0.181665 -0.93713
0.1775 9.25 0.269689 -0.859896
0.1775 9.5 0.385292 -0.696667
0.1775 9.75 0.498206 -0.405237
0.18 0 0.545382 -1.06833e-016
0.18 0.25 0.496153 0.401095
0.18 0.5 0.384675 0.690677
0.18 0.75 0.269951 0.853837
0.18 1 0.18213 0.931551
0.18 1.25 0.124226 0.964624
0.18 1.5 0.0885611 0.977716
0.18 1.75 0.0667231 0.982738
0.18 2 0.0527431 0.984707
0.18 2.25 0.0431047 0.985546
0.18 2.5 0.0359202 0.985939
0.18 2.75 0.030207 0.986098
0.18 3 0.0254448 0.985988
0.18 3.25 0.0213504 0.985223
0.18 3.5 0.0177783 0.982491
0.18 3.75 0.014689 0.973944
0.18 4 0.0121451 0.949425
0.18 4.25 0.0102936 0.885224
0.18 4.5 0.00927663 0.735444
0.18 4.75 0.00901887 0.440645
0.18 5 0.00905756 4.26957e-016
0.18 5.25 0.00901887 -0.440645
0.18 5.5 0.00927663 -0.735444
0.18 5.75 0.0102936 -0.885224
0.18 6 0.0121451 -0.949425
0.18 6.25 0.014689 -0.973944
0.18 6.5 0.0177783 -0.982491
0.18 6.75 0.0213504 -0.985223
0.18 7 0.0254448 -0.985988
0.18 7.25 0.030207 -0.986098
0.18 7.5 0.0359202 -0.985939
0.18 7.75 0.0431047 -0.985546
0.18 8 0.0527431 -0.984707
0.18 8.25 0.0667231 -0.982738
0.18 8.5 0.0885611 -0.977716
0.18 8.75 0.124226 -0.964624
0.18 9 0.18213 -0.931551
0.18 9.25 0.269951 -0.853837
0.18 9.5 0.384675 -0.690677
0.18 9.75 0.496153 -0.401095
0.1825 0 0.542586 -1.03093e-016
0.1825 0.25 0.494148 0.39706
0.1825 0.5 0.384071 0.684825
0.1825 0.75 0.270212 0.847903
0.1825 1 0.182598 0.926087
0.1825 1.25 0.124565 0.959577
0.1825 1.5 0.0887083 0.972913
0.1825 1.75 0.0667281 0.97805
0.1825 2 0.0526711 0.980065
0.1825 2.25 0.0430016 0.98092
0.1825 2.5 0.0358112 0.981318
0.1825 2.75 0.0301038 0.981476
0.1825 3 0.0253526 0.981356
0.1825 3.25 0.0212719 0.980558
0.1825 3.5 0.0177159 0.977739
0.1825 3.75 0.0146458 0.968989
0.1825 4 0.0121247 0.944081
0.1825 4.25 0.0102983 0.879351
0.1825 4.5 0.00930342 0.729411
0.1825 4.75 0.00905834 0.436217
0.1825 5 0.00909974 4.19607e-016
0.1825 5.25 0.00905834 -0.436217
0.1825 5.5 0.00930342 -0.729411
0.1825 5.75 0.0102983 -0.879351
0.1825 6 0.0121247 -0.944081
0.1825 6.25 0.0146458 -0.968989
0.1825 6.5 0.0177159 -0.977739
0.1825 6.75 0.0212719 -0.980558
0.1825 7 0.0253526 -0.981356
0.1825 7.25 0.0301038 -0.981476
0.1825 7.5 0.0358112 -0.981318
0.1825 7.75 0.0430016 -0.98092
0.1825 8 0.0526711 -0.980065
0.1825 8.25 0.0667281 -0.97805
0.1825 8.5 0.0887083 -0.972913
0.1825 8.75 0.124565 -0.959577
0.1825 9 0.182598 -0.926087
0.1825 9.25 0.270212 -0.847903
0.1825 9.5 0.384071 -0.684825
0.1825 9.75 0.494148 -0.39706
0.185 0 0.539862 -9.96362e-017
0.185 0.25 0.492191 0.393129
0.185 0.5 0.383478 0.679105
0.185 0.75 0.270472 0.842093
0.185 1 0.183068 0.920733
0.185 1.25 0.124912 0.954637
0.185 1.5 0.0888649 0.968216
0.185 1.75 0.0667416 0.973469
0.185 2 0.052606 0.975532
0.185 2.25 0.0429039 0.976404
0.185 2.5 0.0357063 0.976807
0.185 2.75 0.0300039 0.976963
0.185 3 0.0252633 0.976832
0.185 3.25 0.0211958 0.976001
0.185 3.5 0.0176555 0.973093
0.185 3.75 0.0146043 0.96414
0.185 4 0.0121057 0.938847
0.185 4.25 0.0103038 0.873598
0.185 4.5 0.00933063 0.723513
0.185 4.75 0.00909788 0.431903
0.185 5 0.00914192 4.1142e-016
0.185 5.25 0.00909788 -0.431903
0.185 5.5 0.00933063 -0.723513
0.185 5.75 0.0103038 -0.873598
0.185 6 0.0121057 -0.938847
0.185 6.25 0.0146043 -0.96414
0.185 6.5 0.0176555 -0.973093
0.185 6.75 0.0211958 -0.976001
0.185 7 0.0252633 -0.976832
0.185 7.25 0.0300039 -0.976963
0.185 7.5 0.0357063 -0.976807
0.185 7.75 0.0429039 -0.976404
0.185 8 0.052606 -0.975532
0.185 8.25 0.0667416 -0.973469
0.185 8.5 0.0888649 -0.968216
0.185 8.75 0.124912 -0.954637
0.185 9 0.183068 -0.920733
0.185 9.25 0.270472 -0.842093
0.185 9.5 0.383478 -0.679105
0.185 9.75 0.492191 -0.393129
0.1875 0 0.537209 -9.87365e-017
0.1875 0.25 0.49028 0.389298
0.1875 0.5 0.382897 0.673514
0.1875 0.75 0.270733 0.8364
0.1875 1 0.183542 0.915486
0.1875 1.25 0.125267 0.949799
0.1875 1.5 0.0890306 0.963622
0.1875 1.75 0.0667635 0.968991
0.1875 2 0.0525476 0.971103
0.1875 2.25 0.0428113 0.971992
0.1875 2.5 0.0356055 0.9724
0.1875 2.75 0.0299074 0.972554
0.1875 3 0.0251766 0.972412
0.1875 3.25 0.021122 0.971548
0.1875 3.5 0.0175971 0.96855
0.1875 3.75 0.0145645 0.959393
0.1875 4 0.012088 0.933719
0.1875 4.25 0.0103103 0.867962
0.1875 4.5 0.00935826 0.717747
0.1875 4.75 0.00913751 0.427699
0.1875 5 0.0091841 4.03084e-016
0.1875 5.25 0.00913751 -0.427699
0.1875 5.5 0.00935826 -0.717747
0.1875 5.75 0.0103103 -0.867962
0.1875 6 0.012088 -0.933719
0.1875 6.25 0.0145645 -0.959393
0.1875 6.5 0.0175971 -0.96855
0.1875 6.75 0.021122 -0.971548
0.1875 7 0.0251766 -0.972412
0.1875 7.25 0.0299074 -0.972554
0.1875 7.5 0.0356055 -0.9724
0.1875 7.75 0.0428113 -0.971992
0.1875 8 0.0525476 -0.971103
0.1875 8.25 0.0667635 -0.968991
0.1875 8.5 0.0890306 -0.963622
0.1875 8.75 0.125267 -0.949799
0.1875 9 0.183542 -0.915486
0.1875 9.25 0.270733 -0.8364
0.1875 9.5 0.382897 -0.673514
0.1875 9.75 0.49028 -0.389298
0.19 0 0.534624 -9.98843e-017
0.19 0.25 0.488414 0.385563
0.19 0.5 0.382328 0.668047
0.19 0.75 0.270993 0.830823
0.19 1 0.184017 0.910342
0.19 1.25 0.125629 0.94506
0.19 1.5 0.0892051 0.959127
0.19 1.75 0.0667936 0.964614
0.19 2 0.0524958 0.966774
0.19 2.25 0.0427239 0.967682
0.19 2.5 0.0355087 0.968095
0.19 2.75 0.0298141 0.968248
0.19 3 0.0250926 0.968094
0.19 3.25 0.0210504 0.967195
0.19 3.5 0.0175406 0.964107
0.19 3.75 0.0145262 0.954746
0.19 4 0.0120716 0.928693
0.19 4.25 0.0103176 0.86244
0.19 4.5 0.00938628 0.712107
0.19 4.75 0.0091772 0.423601
0.19 5 0.00922629 3.9535e-016
0.19 5.25 0.0091772 -0.423601
0.19 5.5 0.00938628 -0.712107
0.19 5.75 0.0103176 -0.86244
0.19 6 0.0120716 -0.928693
0.19 6.25 0.0145262 -0.954746
0.19 6.5 0.0175406 -0.964107
0.19 6.75 0.0210504 -0.967195
0.19 7 0.0250926 -0.968094
0.19 7.25 0.0298141 -0.968248
0.19 7.5 0.0355087 -0.968095
0.19 7.75 0.0427239 -0.967682
0.19 8 0.0524958 -0.966774
0.19 8.25 0.0667936 -0.964614
0.19 8.5 0.0892051 -0.959127
0.19 8.75 0.125629 -0.94506
0.19 9 0.184017 -0.910342
0.19 9.25 0.270993 -0.830823
0.19 9.5 0.382328 -0.668047
0.19 9.75 0.488414 -0.385563
0.1925 0 0.532105 -1.00949e-016
0.1925 0.25 0.486591 0.381921
0.1925 0.5 0.38177 0.662701
0.1925 0.75 0.271252 0.825357
0.1925 1 0.184494 0.905299
0.1925 1.25 0.125997 0.940417
0.1925 1.5 0.0893881 0.954727
0.1925 1.75 0.0668315 0.960333
0.1925 2 0.0524504 0.962544
0.1925 2.25 0.0426414 0.96347
0.1925 2.5 0.0354157 0.963888
0.1925 2.75 0.0297238 0.964039
0.1925 3 0.0250112 0.963874
0.1925 3.25 0.020981 0.962939
0.1925 3.5 0.0174859 0.959759
0.1925 3.75 0.0144896 0.950194
0.1925 4 0.0120565 0.923766
0.1925 4.25 0.0103258 0.857028
0.1925 4.5 0.00941469 0.706589
0.1925 4.75 0.00921698 0.419605
0.1925 5 0.0092685 3.88176e-016
0.1925 5.25 0.00921698 -0.419605
0.1925 5.5 0.00941469 -0.706589
0.1925 5.75 0.0103258 -0.857028
0.1925 6 0.0120565 -0.923766
0.1925 6.25 0.0144896 -0.950194
0.1925 6.5 0.0174859 -0.959759
0.1925 6.75 0.020981 -0.962939
0.1925 7 0.0250112 -0.963874
0.1925 7.25 0.0297238 -0.964039
0.1925 7.5 0.0354157 -0.963888
0.1925 7.75 0.0426414 -0.96347
0.1925 8 0.0524504 -0.962544
0.1925 8.25 0.0668315 -0.960333
0.1925 8.5 0.0893881 -0.954727
0.1925 8.75 0.125997 -0.940417
0.1925 9 0.184494 -0.905299
0.1925 9.25 0.271252 -0.825357
0.1925 9.5 0.38177 -0.662701
0.1925 9.75 0.486591 -0.381921
0.195 0 0.529649 -1.01936e-016
0.195 0.25 0.484811 0.378367
0.195 0.5 0.381224 0.657471
0.195 0.75 0.271511 0.819999
0.195 1 0.184973 0.900353
0.195 1.25 0.126371 0.935866
0.195 1.5 0.0895792 0.950419
0.195 1.75 0.0668772 0.956146
0.195 2 0.0524113 0.958407
0.195 2.25 0.0425637 0.959353
0.195 2.5 0.0353265 0.959777
0.195 2.75 0.0296366 0.959926
0.195 3 0.0249323 0.959749
0.195 3.25 0.0209137 0.958777
0.195 3.5 0.0174331 0.955505
0.195 3.75 0.0144545 0.945736
0.195 4 0.0120426 0.918936
0.195 4.25 0.0103347 0.851722
0.195 4.5 0.00944347 0.701191
0.195 4.75 0.00925684 0.415708
0.195 5 0.00931072 3.81519e-016
0.195 5.25 0.00925684 -0.415708
0.195 5.5 0.00944347 -0.701191
0.195 5.75 0.0103347 -0.851722
0.195 6 0.0120426 -0.918936
0.195 6.25 0.0144545 -0.945736
0.195 6.5 0.0174331 -0.955505
0.195 6.75 0.0209137 -0.958777
0.195 7 0.0249323 -0.959749
0.195 7.25 0.0296366 -0.959926
0.195 7.5 0.0353265 -0.959777
0.195 7.75 0.0425637 -0.959353
0.195 8 0.0524113 -0.958407
0.195 8.25 0.0668772 -0.956146
0.195 8.5 0.0895792 -0.950419
0.195 8.75 0.126371 -0.935866
0.195 9 0.184973 -0.900353
0.195 9.25 0.271511 -0.819999
0.195 9.5 0.381224 -0.657471
0.195 9.75 0.484811 -0.378367
0.1975 0 0.527255 -1.02852e-016
0.1975 0.25 0.483072 0.3749
0.1975 0.5 0.380688 0.652353
0.1975 0.75 0.27177 0.814746
0.1975 1 0.185453 0.895501
0.1975 1.25 0.126751 0.931405
0.1975 1.5 0.0897783 0.946201
0.1975 1.75 0.0669303 0.952048
0.1975 2 0.0523782 0.954362
0.1975 2.25 0.0424908 0.955327
0.1975 2.5 0.035241 0.955757
0.1975 2.75 0.0295523 0.955904
0.1975 3 0.0248558 0.955714
0.1975 3.25 0.0208485 0.954706
0.1975 3.5 0.017382 0.951341
0.1975 3.75 0.0144208 0.941367
0.1975 4 0.0120298 0.914199
0.1975 4.25 0.0103445 0.846519
0.1975 4.5 0.00947261 0.695907
0.1975 4.75 0.00929678 0.411906
0.1975 5 0.00935297 3.75344e-016
0.1975 5.25 0.00929678 -0.411906
0.1975 5.5 0.00947261 -0.695907
0.1975 5.75 0.0103445 -0.846519
0.1975 6 0.0120298 -0.914199
0.1975 6.25 0.0144208 -0.941367
0.1975 6.5 0.017382 -0.951341
0.1975 6.75 0.0208485 -0.954706
0.1975 7 0.0248558 -0.955714
0.1975 7.25 0.0295523 -0.955904
0.1975 7.5 0.035241 -0.955757
0.1975 7.75 0.0424908 -0.955327
0.1975 8 0.0523782 -0.954362
0.1975 8.25 0.0669303 -0.952048
0.1975 8.5 0.0897783 -0.946201
0.1975 8.75 0.126751 -0.931405
0.1975 9 0.185453 -0.895501
0.1975 9.25 0.27177 -0.814746
0.1975 9.5 0.380688 -0.652353
0.1975 9.75 0.483072 -0.3749
0.2 0 0.52492 -1.03702e-016
0.2 0.25 0.481373 0.371516
0.2 0.5 0.380164 0.647345
0.2 0.75 0.272028 0.809594
0.2 1 0.185935 0.890741
0.2 1.25 0.127137 0.927031
0.2 1.5 0.0899849 0.942069
0.2 1.75 0.0669908 0.948038
0.2 2 0.0523512 0.950405
0.2 2.25 0.0424225 0.95139
0.2 2.5 0.0351591 0.951826
0.2 2.75 0.0294709 0.951971
0.2 3 0.0247816 0.951769
0.2 3.25 0.0207852 0.950723
0.2 3.5 0.0173326 0.947263
0.2 3.75 0.0143886 0.937085
0.2 4 0.0120182 0.909553
0.2 4.25 0.010355 0.841417
0.2 4.5 0.00950211 0.690736
0.2 4.75 0.00933681 0.408195
0.2 5 0.00939525 3.69201e-016
0.2 5.25 0.00933681 -0.408195
0.2 5.5 0.00950211 -0.690736
0.2 5.75 0.010355 -0.841417
0.2 6 0.0120182 -0.909553
0.2 6.25 0.0143886 -0.937085
0.2 6.5 0.0173326 -0.947263
0.2 6.75 0.0207852 -0.950723
0.2 7 0.0247816 -0.951769
0.2 7.25 0.0294709 -0.951971
0.2 7.5 0.0351591 -0.951826
0.2 7.75 0.0424225 -0.95139
0.2 8 0.0523512 -0.950405
0.2 8.25 0.0669908 -0.948038
0.2 8.5 0.0899849 -0.942069
0.2 8.75 0.127137 -0.927031
0.2 9 0.185935 -0.890741
0.2 9.25 0.272028 -0.809594
0.2 9.5 0.380164 -0.647345
0.2 9.75 0.481373 -0.371516
