0 0 0 0
0 0.025641 1 0
0 0.0512821 1 0
0 0.0769231 1 0
0 0.102564 1 0
0 0.128205 1 0
0 0.153846 1 0
0 0.179487 1 0
0 0.205128 1 0
0 0.230769 1 0
0 0.25641 1 0
0 0.282051 1 0
0 0.307692 1 0
0 0.333333 1 0
0 0.358974 1 0
0 0.384615 1 0
0 0.410256 1 0
0 0.435897 1 0
0 0.461538 1 0
0 0.487179 1 0
0 0.512821 1 0
0 0.538462 1 0
0 0.564103 1 0
0 0.589744 1 0
0 0.615385 1 0
0 0.641026 1 0
0 0.666667 1 0
0 0.692308 1 0
0 0.717949 1 0
0 0.74359 1 0
0 0.769231 1 0
0 0.794872 1 0
0 0.820513 1 0
0 0.846154 1 0
0 0.871795 1 0
0 0.897436 1 0
0 0.923077 1 0
0 0.948718 1 0
0 0.974359 1 0
0 1 1 0
0.1 0 0 0
0.1 0.025641 0.0660871 -0.0201067
0.1 0.0512821 0.32158 -0.0842978
0.1 0.0769231 0.69018 -0.157924
0.1 0.102564 0.925344 -0.193076
0.1 0.128205 0.981313 -0.198684
0.1 0.153846 0.981313 -0.198684
0.1 0.179487 0.981313 -0.198684
0.1 0.205128 0.981313 -0.198684
0.1 0.230769 0.981313 -0.198684
0.1 0.25641 0.981313 -0.198684
0.1 0.282051 0.981313 -0.198684
0.1 0.307692 0.981313 -0.198684
0.1 0.333333 0.981313 -0.198684
0.1 0.358974 0.981313 -0.198684
0.1 0.384615 0.981313 -0.198684
0.1 0.410256 0.981313 -0.198684
0.1 0.435897 0.981313 -0.198684
0.1 0.461538 0.981313 -0.198684
0.1 0.487179 0.981313 -0.198684
0.1 0.512821 0.981313 -0.198684
0.1 0.538462 0.981313 -0.198684
0.1 0.564103 0.981313 -0.198684
0.1 0.589744 0.981313 -0.198684
0.1 0.615385 0.981313 -0.198684
0.1 0.641026 0.981313 -0.198684
0.1 0.666667 0.981313 -0.198684
0.1 0.692308 0.981313 -0.198684
0.1 0.717949 0.981313 -0.198684
0.1 0.74359 0.981313 -0.198684
0.1 0.769231 0.981313 -0.198684
0.1 0.794872 0.981313 -0.198684
0.1 0.820513 0.981313 -0.198684
0.1 0.846154 0.981313 -0.198684
0.1 0.871795 0.981313 -0.198684
0.1 0.897436 0.981313 -0.198684
0.1 0.923077 0.981313 -0.198684
0.1 0.948718 0.981313 -0.198684
0.1 0.974359 0.981313 -0.198684
0.1 1 0.981313 -0.198684
0.2 0 0 0
0.2 0.025641 0.00396336 -0.00265416
0.2 0.0512821 0.0351524 -0.0213888
0.2 0.0769231 0.142069 -0.0786705
0.2 0.102564 0.350638 -0.177591
0.2 0.128205 0.60391 -0.282879
0.2 0.153846 0.799976 -0.353384
0.2 0.179487 0.894477 -0.382257
0.2 0.205128 0.920406 -0.388821
0.2 0.230769 0.923507 -0.389448
0.2 0.25641 0.923507 -0.389448
0.2 0.282051 0.923507 -0.389448
0.2 0.307692 0.923507 -0.389448
0.2 0.333333 0.923507 -0.389448
0.2 0.358974 0.923507 -0.389448
0.2 0.384615 0.923507 -0.389448
0.2 0.410256 0.923507 -0.389448
0.2 0.435897 0.923507 -0.389448
0.2 0.461538 0.923507 -0.389448
0.2 0.487179 0.923507 -0.389448
0.2 0.512821 0.923507 -0.389448
0.2 0.538462 0.923507 -0.389448
0.2 0.564103 0.923507 -0.389448
0.2 0.589744 0.923507 -0.389448
0.2 0.615385 0.923507 -0.389448
0.2 0.641026 0.923507 -0.389448
0.2 0.666667 0.923507 -0.389448
0.2 0.692308 0.923507 -0.389448
0.2 0.717949 0.923507 -0.389448
0.2 0.74359 0.923507 -0.389448
0.2 0.769231 0.923507 -0.389448
0.2 0.794872 0.923507 -0.389448
0.2 0.820513 0.923507 -0.389448
0.2 0.846154 0.923507 -0.389448
0.2 0.871795 0.923507 -0.389448
0.2 0.897436 0.923507 -0.389448
0.2 0.923077 0.923507 -0.389448
0.2 0.948718 0.923507 -0.389448
0.2 0.974359 0.923507 -0.389448
0.2 1 0.923507 -0.389448
0.3 0 0 0
0.3 0.025641 0.000208578 -0.000254644
0.3 0.0512821 0.00273549 -0.00304748
0.3 0.0769231 0.0166818 -0.0170171
0.3 0.102564 0.0630737 -0.0591384
0.3 0.128205 0.166711 -0.144362
0.3 0.153846 0.330571 -0.266183
0.3 0.179487 0.518644 -0.392231
0.3 0.205128 0.676575 -0.48726
0.3 0.230769 0.772892 -0.539003
0.3 0.25641 0.814505 -0.558815
0.3 0.282051 0.826596 -0.563867
0.3 0.307692 0.828718 -0.564635
0.3 0.333333 0.828888 -0.564687
0.3 0.358974 0.828888 -0.564687
0.3 0.384615 0.828888 -0.564687
0.3 0.410256 0.828888 -0.564687
0.3 0.435897 0.828888 -0.564687
0.3 0.461538 0.828888 -0.564687
0.3 0.487179 0.828888 -0.564687
0.3 0.512821 0.828888 -0.564687
0.3 0.538462 0.828888 -0.564687
0.3 0.564103 0.828888 -0.564687
0.3 0.589744 0.828888 -0.564687
0.3 0.615385 0.828888 -0.564687
0.3 0.641026 0.828888 -0.564687
0.3 0.666667 0.828888 -0.564687
0.3 0.692308 0.828888 -0.564687
0.3 0.717949 0.828888 -0.564687
0.3 0.74359 0.828888 -0.564687
0.3 0.769231 0.828888 -0.564687
0.3 0.794872 0.828888 -0.564687
0.3 0.820513 0.828888 -0.564687
0.3 0.846154 0.828888 -0.564687
0.3 0.871795 0.828888 -0.564687
0.3 0.897436 0.828888 -0.564687
0.3 0.923077 0.828888 -0.564687
0.3 0.948718 0.828888 -0.564687
0.3 0.974359 0.828888 -0.564687
0.3 1 0.828888 -0.564687
0.4 0 0 0
0.4 0.025641 8.66597e-006 -2.09791e-005
0.4 0.0512821 0.000156475 -0.000334164
0.4 0.0769231 0.00132188 -0.00251833
0.4 0.102564 0.00697379 -0.0119628
0.4 0.128205 0.0258783 -0.0402988
0.4 0.153846 0.0721822 -0.102834
0.4 0.179487 0.158184 -0.207821
0.4 0.205128 0.281841 -0.344555
0.4 0.230769 0.421038 -0.484123
0.4 0.25641 0.544181 -0.596099
0.4 0.282051 0.629551 -0.666446
0.4 0.307692 0.675459 -0.700665
0.4 0.333333 0.694236 -0.71329
0.4 0.358974 0.699885 -0.716703
0.4 0.384615 0.701065 -0.717339
0.4 0.410256 0.701217 -0.717412
0.4 0.435897 0.701226 -0.717416
0.4 0.461538 0.701226 -0.717416
0.4 0.487179 0.701226 -0.717416
0.4 0.512821 0.701226 -0.717416
0.4 0.538462 0.701226 -0.717416
0.4 0.564103 0.701226 -0.717416
0.4 0.589744 0.701226 -0.717416
0.4 0.615385 0.701226 -0.717416
0.4 0.641026 0.701226 -0.717416
0.4 0.666667 0.701226 -0.717416
0.4 0.692308 0.701226 -0.717416
0.4 0.717949 0.701226 -0.717416
0.4 0.74359 0.701226 -0.717416
0.4 0.769231 0.701226 -0.717416
0.4 0.794872 0.701226 -0.717416
0.4 0.820513 0.701226 -0.717416
0.4 0.846154 0.701226 -0.717416
0.4 0.871795 0.701226 -0.717416
0.4 0.897436 0.701226 -0.717416
0.4 0.923077 0.701226 -0.717416
0.4 0.948718 0.701226 -0.717416
0.4 0.974359 0.701226 -0.717416
0.4 1 0.701226 -0.717416
0.5 0 0 0
0.5 0.025641 1.51026e-007 -1.55712e-006
0.5 0.0512821 4.49206e-006 -3.10759e-005
0.5 0.0769231 5.69245e-005 -0.000296133
0.5 0.102564 0.000430926 -0.001795
0.5 0.128205 0.00224157 -0.00778129
0.5 0.153846 0.00864814 -0.0257293
0.5 0.179487 0.0259712 -0.0676403
0.5 0.205128 0.0628079 -0.145687
0.5 0.230769 0.125583 -0.263385
0.5 0.25641 0.212367 -0.408523
0.5 0.282051 0.310404 -0.555644
0.5 0.307692 0.401177 -0.678425
0.5 0.333333 0.470017 -0.76262
0.5 0.358974 0.512579 -0.809786
0.5 0.384615 0.533837 -0.831155
0.5 0.410256 0.542286 -0.838861
0.5 0.435897 0.544898 -0.84102
0.5 0.461538 0.545502 -0.841473
0.5 0.487179 0.545601 -0.84154
0.5 0.512821 0.545612 -0.841546
0.5 0.538462 0.545612 -0.841546
0.5 0.564103 0.545612 -0.841546
0.5 0.589744 0.545612 -0.841546
0.5 0.615385 0.545612 -0.841546
0.5 0.641026 0.545612 -0.841546
0.5 0.666667 0.545612 -0.841546
0.5 0.692308 0.545612 -0.841546
0.5 0.717949 0.545612 -0.841546
0.5 0.74359 0.545612 -0.841546
0.5 0.769231 0.545612 -0.841546
0.5 0.794872 0.545612 -0.841546
0.5 0.820513 0.545612 -0.841546
0.5 0.846154 0.545612 -0.841546
0.5 0.871795 0.545612 -0.841546
0.5 0.897436 0.545612 -0.841546
0.5 0.923077 0.545612 -0.841546
0.5 0.948718 0.545612 -0.841546
0.5 0.974359 0.545612 -0.841546
0.5 1 0.545612 -0.841546
0.6 0 0 0
0.6 0.025641 -2.13174e-008 -1.05677e-007
0.6 0.0512821 -3.89099e-007 -2.54525e-006
0.6 0.0769231 -3.09581e-006 -2.94561e-005
0.6 0.102564 -1.27119e-005 -0.000218233
0.6 0.128205 -1.42104e-005 -0.00116369
0.6 0.153846 0.000157489 -0.00476167
0.6 0.179487 0.00120843 -0.0155718
0.6 0.205128 0.0050787 -0.0418739
0.6 0.230769 0.0155083 -0.0946127
0.6 0.25641 0.0375032 -0.182834
0.6 0.282051 0.0750126 -0.306995
0.6 0.307692 0.127704 -0.45483
0.6 0.333333 0.189341 -0.604209
0.6 0.358974 0.249738 -0.732421
0.6 0.384615 0.29943 -0.825788
0.6 0.410256 0.33373 -0.883284
0.6 0.435897 0.353518 -0.913054
0.6 0.461538 0.362991 -0.925901
0.6 0.487179 0.366711 -0.930464
0.6 0.512821 0.36789 -0.931775
0.6 0.538462 0.368184 -0.932071
0.6 0.564103 0.36824 -0.932122
0.6 0.589744 0.368247 -0.932129
0.6 0.615385 0.368248 -0.932129
0.6 0.641026 0.368248 -0.932129
0.6 0.666667 0.368248 -0.932129
0.6 0.692308 0.368248 -0.932129
0.6 0.717949 0.368248 -0.932129
0.6 0.74359 0.368248 -0.932129
0.6 0.769231 0.368248 -0.932129
0.6 0.794872 0.368248 -0.932129
0.6 0.820513 0.368248 -0.932129
0.6 0.846154 0.368248 -0.932129
0.6 0.871795 0.368248 -0.932129
0.6 0.897436 0.368248 -0.932129
0.6 0.923077 0.368248 -0.932129
0.6 0.948718 0.368248 -0.932129
0.6 0.974359 0.368248 -0.932129
0.6 1 0.368248 -0.932129
0.7 0 0 0
0.7 0.025641 -3.53292e-009 -6.53727e-009
0.7 0.0512821 -8.91023e-008 -1.85514e-007
0.7 0.0769231 -1.07505e-006 -2.54034e-006
0.7 0.102564 -8.24734e-006 -2.23687e-005
0.7 0.128205 -4.50741e-005 -0.000142411
0.7 0.153846 -0.00018616 -0.000698927
0.7 0.179487 -0.000600363 -0.0027535
0.7 0.205128 -0.00153522 -0.0089551
0.7 0.230769 -0.00310491 -0.0245471
0.7 0.25641 -0.00479724 -0.057644
0.7 0.282051 -0.00490986 -0.11755
0.7 0.307692 -0.000502278 -0.210687
0.7 0.333333 0.0115896 -0.335711
0.7 0.358974 0.0328981 -0.481126
0.7 0.384615 0.0618296 -0.627962
0.7 0.410256 0.0938333 -0.756766
0.7 0.435897 0.123368 -0.85485
0.7 0.461538 0.146357 -0.919554
0.7 0.487179 0.161512 -0.956398
0.7 0.512821 0.169971 -0.974411
0.7 0.538462 0.173954 -0.981918
0.7 0.564103 0.175523 -0.984557
0.7 0.589744 0.176035 -0.985329
0.7 0.615385 0.176171 -0.985514
0.7 0.641026 0.176199 -0.985549
0.7 0.666667 0.176204 -0.985554
0.7 0.692308 0.176204 -0.985555
0.7 0.717949 0.176205 -0.985555
0.7 0.74359 0.176205 -0.985555
0.7 0.769231 0.176205 -0.985555
0.7 0.794872 0.176205 -0.985555
0.7 0.820513 0.176205 -0.985555
0.7 0.846154 0.176205 -0.985555
0.7 0.871795 0.176205 -0.985555
0.7 0.897436 0.176205 -0.985555
0.7 0.923077 0.176205 -0.985555
0.7 0.948718 0.176205 -0.985555
0.7 0.974359 0.176205 -0.985555
0.7 1 0.176205 -0.985555
0.8 0 0 0
0.8 0.025641 -3.6488e-010 -3.59881e-010
0.8 0.0512821 -1.09395e-008 -1.18761e-008
0.8 0.0769231 -1.58561e-007 -1.89536e-007
0.8 0.102564 -1.4799e-006 -1.95008e-006
0.8 0.128205 -9.99486e-006 -1.45476e-005
0.8 0.153846 -5.2041e-005 -8.39117e-005
0.8 0.179487 -0.000217334 -0.00038973
0.8 0.205128 -0.000747804 -0.00149888
0.8 0.230769 -0.00216115 -0.00487248
0.8 0.25641 -0.00532161 -0.0136018
0.8 0.282051 -0.0112883 -0.0330254
0.8 0.307692 -0.0208066 -0.0704998
0.8 0.333333 -0.0335591 -0.133585
0.8 0.358974 -0.0476514 -0.22669
0.8 0.384615 -0.059904 -0.34758
0.8 0.410256 -0.0670857 -0.486
0.8 0.435897 -0.0674639 -0.625962
0.8 0.461538 -0.0616592 -0.750993
0.8 0.487179 -0.0522162 -0.849626
0.8 0.512821 -0.0422343 -0.918244
0.8 0.538462 -0.0340081 -0.960242
0.8 0.564103 -0.028437 -0.982778
0.8 0.589744 -0.0252741 -0.99333
0.8 0.615385 -0.0237583 -0.997615
0.8 0.641026 -0.0231454 -0.999111
0.8 0.666667 -0.0229376 -0.999555
0.8 0.692308 -0.022879 -0.999666
0.8 0.717949 -0.0228656 -0.999688
0.8 0.74359 -0.0228631 -0.999692
0.8 0.769231 -0.0228628 -0.999693
0.8 0.794872 -0.0228628 -0.999693
0.8 0.820513 -0.0228628 -0.999693
0.8 0.846154 -0.0228628 -0.999693
0.8 0.871795 -0.0228628 -0.999693
0.8 0.897436 -0.0228628 -0.999693
0.8 0.923077 -0.0228628 -0.999693
0.8 0.948718 -0.0228628 -0.999693
0.8 0.974359 -0.0228628 -0.999693
0.8 1 -0.0228628 -0.999693
0.9 0 0 0
0.9 0.025641 -3.13475e-011 -1.63856e-011
0.9 0.0512821 -1.07799e-009 -6.31168e-010
0.9 0.0769231 -1.80066e-008 -1.17352e-008
0.9 0.102564 -1.94679e-007 -1.40543e-007
0.9 0.128205 -1.5316e-006 -1.22036e-006
0.9 0.153846 -9.34672e-006 -8.19807e-006
0.9 0.179487 -4.6059e-005 -4.43913e-005
0.9 0.205128 -0.0001884 -0.000199315
0.9 0.230769 -0.000652634 -0.000757596
0.9 0.25641 -0.00194409 -0.00247677
0.9 0.282051 -0.00504049 -0.00705282
0.9 0.307692 -0.0114881 -0.017676
0.9 0.333333 -0.0232128 -0.039336
0.9 0.358974 -0.0419008 -0.0783413
0.9 0.384615 -0.0680585 -0.140648
0.9 0.410256 -0.100211 -0.229232
0.9 0.435897 -0.134836 -0.341604
0.9 0.461538 -0.167322 -0.469015
0.9 0.487179 -0.193582 -0.59827
0.9 0.512821 -0.211469 -0.715638
0.9 0.538462 -0.221239 -0.811003
0.9 0.564103 -0.224912 -0.880276
0.9 0.589744 -0.225086 -0.925189
0.9 0.615385 -0.223915 -0.951117
0.9 0.641026 -0.22266 -0.964403
0.9 0.666667 -0.221793 -0.97042
0.9 0.692308 -0.221327 -0.972815
0.9 0.717949 -0.221123 -0.973648
0.9 0.74359 -0.221048 -0.973898
0.9 0.769231 -0.221026 -0.973963
0.9 0.794872 -0.22102 -0.973977
0.9 0.820513 -0.221019 -0.973979
0.9 0.846154 -0.221018 -0.97398
0.9 0.871795 -0.221018 -0.97398
0.9 0.897436 -0.221018 -0.97398
0.9 0.923077 -0.221018 -0.97398
0.9 0.948718 -0.221018 -0.97398
0.9 0.974359 -0.221018 -0.97398
0.9 1 -0.221018 -0.97398
1 0 0 0
1 0.025641 -2.40102e-012 -4.49792e-013
1 0.0512821 -9.29884e-011 -2.20932e-011
1 0.0769231 -1.75457e-009 -5.06859e-010
1 0.102564 -2.14961e-008 -7.33995e-009
1 0.128205 -1.92285e-007 -7.60661e-008
1 0.153846 -1.33892e-006 -6.0463e-007
1 0.179487 -7.55646e-006 -3.85186e-006
1 0.205128 -3.55369e-005 -2.02714e-005
1 0.230769 -0.000142108 -9.01e-005
1 0.25641 -0.0004907 -0.000343954
1 0.282051 -0.00148098 -0.00114278
1 0.307692 -0.00394559 -0.00334027
1 0.333333 -0.00935627 -0.00866654
1 0.358974 -0.0198904 -0.0201135
1 0.384615 -0.0381539 -0.0420389
1 0.410256 -0.0664395 -0.0796214
1 0.435897 -0.105658 -0.137461
1 0.461538 -0.154402 -0.217592
1 0.487179 -0.208734 -0.317715
1 0.512821 -0.263022 -0.430706
1 0.538462 -0.311566 -0.545971
1 0.564103 -0.350302 -0.652302
1 0.589744 -0.377748 -0.740991
1 0.615385 -0.39488 -0.807836
1 0.641026 -0.40418 -0.853309
1 0.666667 -0.408466 -0.881185
1 0.692308 -0.410062 -0.896548
1 0.717949 -0.410475 -0.904138
1 0.74359 -0.410493 -0.907487
1 0.769231 -0.410435 -0.9088
1 0.794872 -0.410393 -0.909255
1 0.820513 -0.410373 -0.909394
1 0.846154 -0.410366 -0.909431
1 0.871795 -0.410364 -0.909439
1 0.897436 -0.410364 -0.909441
1 0.923077 -0.410363 -0.909441
1 0.948718 -0.410363 -0.909441
1 0.974359 -0.410363 -0.909441
1 1 -0.410363 -0.909441
1.1 0 0 0
1.1 0.025641 -1.67717e-013 1.86278e-014
1.1 0.0512821 -7.23172e-012 4.52877e-013
1.1 0.0769231 -1.52236e-010 2.21825e-012
1.1 0.102564 -2.08544e-009 -6.94491e-011
1.1 0.128205 -2.09064e-008 -1.69758e-009
1.1 0.153846 -1.63547e-007 -2.11496e-008
1.1 0.179487 -1.03958e-006 -1.84899e-007
1.1 0.205128 -5.52097e-006 -1.25334e-006
1.1 0.230769 -2.4999e-005 -6.92439e-006
1.1 0.25641 -9.80138e-005 -3.21459e-005
1.1 0.282051 -0.000336814 -0.000128048
1.1 0.307692 -0.00102449 -0.000444412
1.1 0.333333 -0.00278091 -0.0013599
1.1 0.358974 -0.00678346 -0.00370395
1.1 0.384615 -0.0149603 -0.00905073
1.1 0.410256 -0.0299936 -0.0199756
1.1 0.435897 -0.0549448 -0.0400599
1.1 0.461538 -0.0924204 -0.0734006
1.1 0.487179 -0.143451 -0.123521
1.1 0.512821 -0.206532 -0.191906
1.1 0.538462 -0.277374 -0.276741
1.1 0.564103 -0.349673 -0.372552
1.1 0.589744 -0.416708 -0.471143
1.1 0.615385 -0.473133 -0.563622
1.1 0.641026 -0.516184 -0.642698
1.1 0.666667 -0.545893 -0.704314
1.1 0.692308 -0.564379 -0.748033
1.1 0.717949 -0.574703 -0.776247
1.1 0.74359 -0.579847 -0.79278
1.1 0.769231 -0.582111 -0.80156
1.1 0.794872 -0.58298 -0.805774
1.1 0.820513 -0.583263 -0.807596
1.1 0.846154 -0.583337 -0.808303
1.1 0.871795 -0.583351 -0.808547
1.1 0.897436 -0.583351 -0.808623
1.1 0.923077 -0.58335 -0.808643
1.1 0.948718 -0.58335 -0.808648
1.1 0.974359 -0.58335 -0.808649
1.1 1 -0.58335 -0.808649
1.2 0 0 0
1.2 0.025641 -1.07095e-014 4.60013e-015
1.2 0.0512821 -5.10476e-013 1.90771e-013
1.2 0.0769231 -1.18953e-011 3.80601e-012
1.2 0.102564 -1.8064e-010 4.84001e-011
1.2 0.128205 -2.01068e-009 4.37015e-010
1.2 0.153846 -1.74938e-008 2.93761e-009
1.2 0.179487 -1.23894e-007 1.47962e-008
1.2 0.205128 -7.34462e-007 5.26142e-008
1.2 0.230769 -3.71947e-006 9.05774e-008
1.2 0.25641 -1.63425e-005 -3.69541e-007
1.2 0.282051 -6.30635e-005 -4.37847e-006
1.2 0.307692 -0.000215842 -2.50937e-005
1.2 0.333333 -0.000660578 -0.000107839
1.2 0.358974 -0.00182023 -0.000383216
1.2 0.384615 -0.00454268 -0.00117301
1.2 0.410256 -0.0103214 -0.00316251
1.2 0.435897 -0.0214507 -0.00761802
1.2 0.461538 -0.0409547 -0.0165639
1.2 0.487179 -0.0721313 -0.0327667
1.2 0.512821 -0.117673 -0.0593619
1.2 0.538462 -0.178558 -0.0990628
1.2 0.564103 -0.253138 -0.153109
1.2 0.589744 -0.336903 -0.220347
1.2 0.615385 -0.423202 -0.296907
1.2 0.641026 -0.504765 -0.376784
1.2 0.666667 -0.57546 -0.453198
1.2 0.692308 -0.631619 -0.520244
1.2 0.717949 -0.672464 -0.5742
1.2 0.74359 -0.699622 -0.614009
1.2 0.769231 -0.716098 -0.640917
1.2 0.794872 -0.725195 -0.657562
1.2 0.820513 -0.72975 -0.666971
1.2 0.846154 -0.731811 -0.671821
1.2 0.871795 -0.732647 -0.674097
1.2 0.897436 -0.732951 -0.675065
1.2 0.923077 -0.733047 -0.675438
1.2 0.948718 -0.733074 -0.675567
1.2 0.974359 -0.733081 -0.675607
1.2 1 -0.733082 -0.675618
1.3 0 0 0
1.3 0.025641 -6.153e-016 5.18559e-016
1.3 0.0512821 -3.23424e-014 2.46988e-014
1.3 0.0769231 -8.31415e-013 5.73919e-013
1.3 0.102564 -1.39366e-011 8.66514e-012
1.3 0.128205 -1.71361e-010 9.55029e-011
1.3 0.153846 -1.64845e-009 8.18237e-010
1.3 0.179487 -1.29218e-008 5.66469e-009
1.3 0.205128 -8.48848e-008 3.25043e-008
1.3 0.230769 -4.76961e-007 1.57213e-007
1.3 0.25641 -2.32837e-006 6.47584e-007
1.3 0.282051 -9.99687e-006 2.28109e-006
1.3 0.307692 -3.81254e-005 6.84449e-006
1.3 0.333333 -0.000130211 1.71809e-005
1.3 0.358974 -0.000400997 3.41862e-005
1.3 0.384615 -0.00112006 4.39983e-005
1.3 0.410256 -0.00285208 -1.74084e-005
1.3 0.435897 -0.00665061 -0.000339285
1.3 0.461538 -0.0142597 -0.0013623
1.3 0.487179 -0.0282189 -0.00394238
1.3 0.512821 -0.0517244 -0.00949331
1.3 0.538462 -0.0881218 -0.0200012
1.3 0.564103 -0.140028 -0.0377933
1.3 0.589744 -0.208283 -0.0650082
1.3 0.615385 -0.291122 -0.102859
1.3 0.641026 -0.383973 -0.15094
1.3 0.666667 -0.48013 -0.206898
1.3 0.692308 -0.57215 -0.266695
1.3 0.717949 -0.653516 -0.325462
1.3 0.74359 -0.719968 -0.378625
1.3 0.769231 -0.770067 -0.422922
1.3 0.794872 -0.804901 -0.456922
1.3 0.820513 -0.827212 -0.480955
1.3 0.846154 -0.840355 -0.496591
1.3 0.871795 -0.847463 -0.505947
1.3 0.897436 -0.850983 -0.511088
1.3 0.923077 -0.852576 -0.513678
1.3 0.948718 -0.853231 -0.514872
1.3 0.974359 -0.853475 -0.515374
1.3 1 -0.853558 -0.515567
1.4 0 0 0
1.4 0.025641 -3.02403e-017 4.65534e-017
1.4 0.0512821 -1.76489e-015 2.45001e-015
1.4 0.0769231 -5.02769e-014 6.31542e-014
1.4 0.102564 -9.32677e-013 1.06263e-012
1.4 0.128205 -1.26807e-011 1.31228e-011
1.4 0.153846 -1.34824e-010 1.26796e-010
1.4 0.179487 -1.16791e-009 9.97838e-010
1.4 0.205128 -8.47943e-009 6.57359e-009
1.4 0.230769 -5.26765e-008 3.69756e-008
1.4 0.25641 -2.84454e-007 1.80222e-007
1.4 0.282051 -1.35189e-006 7.69774e-007
1.4 0.307692 -5.71154e-006 2.90623e-006
1.4 0.333333 -2.1629e-005 9.7621e-006
1.4 0.358974 -7.39256e-005 2.93122e-005
1.4 0.384615 -0.000229398 7.89063e-005
1.4 0.410256 -0.000649583 0.000190605
1.4 0.435897 -0.00168605 0.000412446
1.4 0.461538 -0.00402738 0.000794801
1.4 0.487179 -0.00888497 0.00134552
1.4 0.512821 -0.0181639 0.00193919
1.4 0.538462 -0.0345172 0.00218261
1.4 0.564103 -0.0611565 0.00127279
1.4 0.589744 -0.101326 -0.00207617
1.4 0.615385 -0.157464 -0.00954308
1.4 0.641026 -0.230251 -0.0228861
1.4 0.666667 -0.317872 -0.0434382
1.4 0.692308 -0.415862 -0.0715623
1.4 0.717949 -0.517705 -0.106289
1.4 0.74359 -0.616091 -0.14533
1.4 0.769231 -0.704436 -0.185518
1.4 0.794872 -0.778158 -0.223532
1.4 0.820513 -0.835304 -0.256653
1.4 0.846154 -0.876428 -0.283273
1.4 0.871795 -0.903879 -0.303025
1.4 0.897436 -0.920859 -0.316558
1.4 0.923077 -0.930578 -0.325119
1.4 0.948718 -0.935718 -0.330118
1.4 0.974359 -0.938225 -0.332808
1.4 1 -0.93935 -0.334141
1.5 0 0 0
1.5 0.025641 -1.06277e-018 3.67668e-018
1.5 0.0512821 -7.21301e-017 2.10788e-016
1.5 0.0769231 -2.35466e-015 5.93082e-015
1.5 0.102564 -4.95473e-014 1.09162e-013
1.5 0.128205 -7.58579e-013 1.47821e-012
1.5 0.153846 -9.03447e-012 1.57031e-011
1.5 0.179487 -8.73297e-011 1.36269e-010
1.5 0.205128 -7.05541e-010 9.93197e-010
1.5 0.230769 -4.86754e-009 6.20414e-009
1.5 0.25641 -2.915e-008 3.37275e-008
1.5 0.282051 -1.53498e-007 1.61486e-007
1.5 0.307692 -7.18152e-007 6.87502e-007
1.5 0.333333 -3.01088e-006 2.62282e-006
1.5 0.358974 -1.13931e-005 9.02352e-006
1.5 0.384615 -3.91469e-005 2.81437e-005
1.5 0.410256 -0.000122782 7.99234e-005
1.5 0.435897 -0.000353126 0.000207401
1.5 0.461538 -0.00093504 0.000493235
1.5 0.487179 -0.00228767 0.00107743
1.5 0.512821 -0.0051884 0.00216531
1.5 0.538462 -0.0109407 0.0040074
1.5 0.564103 -0.0215105 0.00683068
1.5 0.589744 -0.0395369 0.0107127
1.5 0.615385 -0.0681143 0.0154183
1.5 0.641026 -0.110278 0.0202575
1.5 0.666667 -0.168237 0.0240494
1.5 0.692308 -0.242526 0.0252662
1.5 0.717949 -0.331375 0.0223693
1.5 0.74359 -0.430576 0.0142585
1.5 0.769231 -0.534012 0.000673933
1.5 0.794872 -0.63475 -0.0176168
1.5 0.820513 -0.726394 -0.0389446
1.5 0.846154 -0.804258 -0.0611427
1.5 0.871795 -0.86603 -0.0820805
1.5 0.897436 -0.911765 -0.100131
1.5 0.923077 -0.943349 -0.114427
1.5 0.948718 -0.963678 -0.12486
1.5 0.974359 -0.97586 -0.131889
1.5 1 -0.98265 -0.136266
1.6 0 0 0
1.6 0.025641 3.66639e-021 2.63724e-019
1.6 0.0512821 -5.65603e-019 1.63499e-017
1.6 0.0769231 -4.14257e-017 4.98063e-016
1.6 0.102564 -1.31245e-015 9.93815e-015
1.6 0.128205 -2.65148e-014 1.46097e-013
1.6 0.153846 -3.90955e-013 1.68742e-012
1.6 0.179487 -4.5116e-012 1.59471e-011
1.6 0.205128 -4.2534e-011 1.26805e-010
1.6 0.230769 -3.37268e-010 8.65842e-010
1.6 0.25641 -2.29711e-009 5.15591e-009
1.6 0.282051 -1.36542e-008 2.71026e-008
1.6 0.307692 -7.17189e-008 1.26996e-007
1.6 0.333333 -3.36225e-007 5.34713e-007
1.6 0.358974 -1.41847e-006 2.03652e-006
1.6 0.384615 -5.42234e-006 7.05554e-006
1.6 0.410256 -1.8891e-005 2.2342e-005
1.6 0.435897 -6.0283e-005 6.49308e-005
1.6 0.461538 -0.00017697 0.000173805
1.6 0.487179 -0.000479766 0.000429844
1.6 0.512821 -0.00120523 0.000984875
1.6 0.538462 -0.00281421 0.00209569
1.6 0.564103 -0.00612511 0.00415035
1.6 0.589744 -0.0124588 0.00766481
1.6 0.615385 -0.0237417 0.0132236
1.6 0.641026 -0.042487 0.0213473
1.6 0.666667 -0.0715689 0.0322977
1.6 0.692308 -0.113746 0.0458681
1.6 0.717949 -0.170981 0.0612441
1.6 0.74359 -0.243709 0.0770196
1.6 0.769231 -0.330296 0.0914148
1.6 0.794872 -0.42693 0.102662
1.6 0.820513 -0.528056 0.109447
1.6 0.846154 -0.627309 0.111242
1.6 0.871795 -0.718678 0.108423
1.6 0.897436 -0.797566 0.102116
1.6 0.923077 -0.861434 0.0938475
1.6 0.948718 -0.909906 0.0851409
1.6 0.974359 -0.944375 0.077189
1.6 1 -0.967327 0.0706941
1.7 0 0 0
1.7 0.025641 5.54317e-021 1.73101e-020
1.7 0.0512821 3.09117e-019 1.15608e-018
1.7 0.0769231 8.19887e-018 3.79633e-017
1.7 0.102564 1.35405e-016 8.1718e-016
1.7 0.128205 1.50855e-015 1.29703e-014
1.7 0.153846 1.0937e-014 1.61894e-013
1.7 0.179487 3.18015e-014 1.65509e-012
1.7 0.205128 -4.1247e-013 1.42524e-011
1.7 0.230769 -8.13764e-012 1.05514e-010
1.7 0.25641 -8.56382e-011 6.82099e-010
1.7 0.282051 -6.7992e-010 3.89777e-009
1.7 0.307692 -4.45409e-009 1.98836e-008
1.7 0.333333 -2.50572e-008 9.12849e-008
1.7 0.358974 -1.23843e-007 3.79722e-007
1.7 0.384615 -5.45836e-007 1.4394e-006
1.7 0.410256 -2.16848e-006 4.99659e-006
1.7 0.435897 -7.8287e-006 1.5951e-005
1.7 0.461538 -2.58507e-005 4.70042e-005
1.7 0.487179 -7.84892e-005 0.000128273
1.7 0.512821 -0.00022011 0.000325126
1.7 0.538462 -0.000572304 0.000767393
1.7 0.564103 -0.00138429 0.00169068
1.7 0.589744 -0.00312419 0.00348439
1.7 0.615385 -0.00659675 0.00673123
1.7 0.641026 -0.0130644 0.0122123
1.7 0.666667 -0.0243236 0.0208472
1.7 0.692308 -0.0426699 0.0335464
1.7 0.717949 -0.070685 0.0509819
1.7 0.74359 -0.110816 0.0733208
1.7 0.769231 -0.164791 0.100007
1.7 0.794872 -0.233 0.129686
1.7 0.820513 -0.314036 0.16034
1.7 0.846154 -0.40459 0.189633
1.7 0.871795 -0.499799 0.215377
1.7 0.897436 -0.594005 0.235978
1.7 0.923077 -0.681738 0.250721
1.7 0.948718 -0.758638 0.259811
1.7 0.974359 -0.822072 0.264183
1.7 1 -0.871304 0.265166
1.8 0 0 0
1.8 0.025641 7.14267e-022 1.02957e-021
1.8 0.0512821 4.6193e-020 7.40453e-020
1.8 0.0769231 1.46139e-018 2.61829e-018
1.8 0.102564 3.01058e-017 6.06978e-017
1.8 0.128205 4.53366e-016 1.0378e-015
1.8 0.153846 5.30799e-015 1.39593e-014
1.8 0.179487 5.01246e-014 1.5386e-013
1.8 0.205128 3.90322e-013 1.42926e-012
1.8 0.230769 2.53424e-012 1.14218e-011
1.8 0.25641 1.37069e-011 7.97618e-011
1.8 0.282051 6.04864e-011 4.92766e-010
1.8 0.307692 2.02216e-010 2.7201e-009
1.8 0.333333 3.5715e-010 1.35262e-008
1.8 0.358974 -1.29787e-009 6.10069e-008
1.8 0.384615 -1.72951e-008 2.51023e-007
1.8 0.410256 -1.10483e-007 9.46972e-007
1.8 0.435897 -5.42053e-007 3.28945e-006
1.8 0.461538 -2.25423e-006 1.05611e-005
1.8 0.487179 -8.26539e-006 3.14442e-005
1.8 0.512821 -2.72754e-005 8.70777e-005
1.8 0.538462 -8.20339e-005 0.000224885
1.8 0.564103 -0.000226807 0.000542938
1.8 0.589744 -0.000580082 0.00122809
1.8 0.615385 -0.00137917 0.00260789
1.8 0.641026 -0.0030603 0.00520894
1.8 0.666667 -0.00635888 0.00980392
1.8 0.692308 -0.0124089 0.0174181
1.8 0.717949 -0.0228013 0.0292622
1.8 0.74359 -0.0395463 0.0465666
1.8 0.769231 -0.0648893 0.0703219
1.8 0.794872 -0.100957 0.10097
1.8 0.820513 -0.149272 0.138128
1.8 0.846154 -0.210237 0.180456
1.8 0.871795 -0.282749 0.225734
1.8 0.897436 -0.364086 0.271175
1.8 0.923077 -0.450163 0.313903
1.8 0.948718 -0.536128 0.351476
1.8 0.974359 -0.617163 0.382288
1.8 1 -0.68927 0.405753
1.9 0 0 0
1.9 0.025641 6.78984e-023 5.35045e-023
1.9 0.0512821 4.78964e-021 4.16857e-021
1.9 0.0769231 1.661e-019 1.59436e-019
1.9 0.102564 3.77372e-018 3.99316e-018
1.9 0.128205 6.31535e-017 7.36996e-017
1.9 0.153846 8.29807e-016 1.06946e-015
1.9 0.179487 8.90997e-015 1.27123e-014
1.9 0.205128 8.03328e-014 1.27328e-013
1.9 0.230769 6.20076e-013 1.09713e-012
1.9 0.25641 4.15617e-012 8.26193e-012
1.9 0.282051 2.44432e-011 5.50548e-011
1.9 0.307692 1.27065e-010 3.27913e-010
1.9 0.333333 5.86503e-010 1.7602e-009
1.9 0.358974 2.40726e-009 8.57461e-009
1.9 0.384615 8.76262e-009 3.81297e-008
1.9 0.410256 2.80212e-008 1.55561e-007
1.9 0.435897 7.68759e-008 5.84823e-007
1.9 0.461538 1.69915e-007 2.03377e-006
1.9 0.487179 2.37675e-007 6.56445e-006
1.9 0.512821 -2.12381e-007 1.97252e-005
1.9 0.538462 -3.18457e-006 5.53277e-005
1.9 0.564103 -1.51527e-005 0.000145217
1.9 0.589744 -5.408e-005 0.000357446
1.9 0.615385 -0.000164183 0.000826807
1.9 0.641026 -0.000443558 0.0018006
1.9 0.666667 -0.00109008 0.00369842
1.9 0.692308 -0.0024683 0.00717677
1.9 0.717949 -0.00519266 0.0131782
1.9 0.74359 -0.0102098 0.0229344
1.9 0.769231 -0.0188477 0.0378882
1.9 0.794872 -0.0327877 0.0595119
1.9 0.820513 -0.0539196 0.0890254
1.9 0.846154 -0.0840607 0.127059
1.9 0.871795 -0.124566 0.173346
1.9 0.897436 -0.175907 0.22655
1.9 0.923077 -0.237342 0.284302
1.9 0.948718 -0.306789 0.343491
1.9 0.974359 -0.380994 0.400745
1.9 1 -0.455973 0.452981
2 0 0 0
2 0.025641 5.56265e-024 2.16164e-024
2 0.0512821 4.21103e-022 1.87751e-022
2 0.0769231 1.57019e-020 7.93935e-021
2 0.102564 3.84416e-019 2.18498e-019
2 0.128205 6.94965e-018 4.41081e-018
2 0.153846 9.89305e-017 6.97608e-017
2 0.179487 1.15473e-015 9.0134e-016
2 0.205128 1.13628e-014 9.79291e-015
2 0.230769 9.61836e-014 9.13869e-014
2 0.25641 7.11144e-013 7.44447e-013
2 0.282051 4.64731e-012 5.36168e-012
2 0.307692 2.70963e-011 3.44951e-011
2 0.333333 1.42019e-010 1.99935e-010
2 0.358974 6.7318e-010 1.05143e-009
2 0.384615 2.89964e-009 5.04721e-009
2 0.410256 1.13915e-008 2.22304e-008
2 0.435897 4.09244e-008 9.0244e-008
2 0.461538 1.34642e-007 3.38978e-007
2 0.487179 4.05726e-007 1.18225e-006
2 0.512821 1.11784e-006 3.84037e-006
2 0.538462 2.80304e-006 1.16508e-005
2 0.564103 6.33564e-006 3.30931e-005
2 0.589744 1.26507e-005 8.82052e-005
2 0.615385 2.12888e-005 0.000221065
2 0.641026 2.6041e-005 0.000521957
2 0.666667 4.67915e-006 0.00116306
2 0.692308 -0.00010156 0.00244983
2 0.717949 -0.000423491 0.00488553
2 0.74359 -0.00121735 0.00923798
2 0.769231 -0.00293321 0.0165868
2 0.794872 -0.00628562 0.0283196
2 0.820513 -0.0123017 0.0460445
2 0.846154 -0.0223126 0.0713961
2 0.871795 -0.0378536 0.105742
2 0.897436 -0.0604568 0.149831
2 0.923077 -0.0913505 0.203475
2 0.948718 -0.13112 0.265349
2 0.974359 -0.179423 0.333009
2 1 -0.234846 0.403154
2.1 0 0 0
2.1 0.025641 4.11069e-025 3.06414e-026
2.1 0.0512821 3.31632e-023 4.10275e-024
2.1 0.0769231 1.31912e-021 2.28824e-022
2.1 0.102564 3.44884e-020 7.72703e-021
2.1 0.128205 6.66655e-019 1.8381e-019
2.1 0.153846 1.01606e-017 3.34054e-018
2.1 0.179487 1.27168e-016 4.87711e-017
2.1 0.205128 1.34405e-015 5.91789e-016
2.1 0.230769 1.2243e-014 6.1157e-015
2.1 0.25641 9.7618e-014 5.48258e-014
2.1 0.282051 6.89629e-013 4.32508e-013
2.1 0.307692 4.35895e-012 3.03694e-012
2.1 0.333333 2.48479e-011 1.91583e-011
2.1 0.358974 1.2859e-010 1.09427e-010
2.1 0.384615 6.07485e-010 5.69595e-010
2.1 0.410256 2.63207e-009 2.7171e-009
2.1 0.435897 1.05002e-008 1.19352e-008
2.1 0.461538 3.86969e-008 4.84795e-008
2.1 0.487179 1.32109e-007 1.82761e-007
2.1 0.512821 4.18735e-007 6.41536e-007
2.1 0.538462 1.23443e-006 2.10294e-006
2.1 0.564103 3.38884e-006 6.45407e-006
2.1 0.589744 8.66941e-006 1.85891e-005
2.1 0.615385 2.0667e-005 5.03533e-005
2.1 0.641026 4.58692e-005 0.000128525
2.1 0.666667 9.45711e-005 0.000309684
2.1 0.692308 0.000180363 0.000705571
2.1 0.717949 0.000315718 0.00152241
2.1 0.74359 0.000499819 0.00311548
2.1 0.769231 0.000693894 0.00605524
2.1 0.794872 0.000780327 0.0111927
2.1 0.820513 0.000505855 0.0197021
2.1 0.846154 -0.00058303 0.0330699
2.1 0.871795 -0.00319412 0.0529993
2.1 0.897436 -0.00830567 0.0812112
2.1 0.923077 -0.0171153 0.119149
2.1 0.948718 -0.0309021 0.167629
2.1 0.974359 -0.050806 0.22652
2.1 1 -0.0775597 0.294536
2.2 0 0 0
2.2 0.025641 2.77822e-026 -6.24546e-027
2.2 0.0512821 2.38112e-024 -4.14942e-025
2.2 0.0769231 1.00666e-022 -1.25422e-023
2.2 0.102564 2.79889e-021 -2.1141e-022
2.2 0.128205 5.75704e-020 -1.54593e-021
2.2 0.153846 9.34356e-019 2.02586e-020
2.2 0.179487 1.24625e-017 8.76086e-019
2.2 0.205128 1.40496e-016 1.67502e-017
2.2 0.230769 1.36642e-015 2.30498e-016
2.2 0.25641 1.1645e-014 2.54953e-015
2.2 0.282051 8.80354e-014 2.37898e-014
2.2 0.307692 5.96254e-013 1.92494e-013
2.2 0.333333 3.64741e-012 1.37532e-012
2.2 0.358974 2.02889e-011 8.7902e-012
2.2 0.384615 1.03214e-010 5.07572e-011
2.2 0.410256 4.82551e-010 2.66872e-010
2.2 0.435897 2.0821e-009 1.28585e-009
2.2 0.461538 8.32134e-009 5.70796e-009
2.2 0.487179 3.09027e-008 2.34496e-008
2.2 0.512821 1.06933e-007 8.95061e-008
2.2 0.538462 3.45609e-007 3.18497e-007
2.2 0.564103 1.04552e-006 1.05973e-006
2.2 0.589744 2.96583e-006 3.30577e-006
2.2 0.615385 7.90128e-006 9.69115e-006
2.2 0.641026 1.97949e-005 2.67567e-005
2.2 0.666667 4.66841e-005 6.97096e-005
2.2 0.692308 0.000103725 0.000171683
2.2 0.717949 0.000217224 0.000400363
2.2 0.74359 0.000428847 0.000885389
2.2 0.769231 0.000797883 0.00185947
2.2 0.794872 0.00139779 0.00371373
2.2 0.820513 0.00230184 0.00706248
2.2 0.846154 0.00355277 0.0128049
2.2 0.871795 0.00511392 0.0221615
2.2 0.897436 0.00680585 0.0366575
2.2 0.923077 0.00824143 0.0580232
2.2 0.948718 0.00878166 0.0879976
2.2 0.974359 0.00753934 0.128041
2.2 1 0.00345314 0.179
2.3 0 0 0
2.3 0.025641 1.71051e-027 -9.7029e-028
2.3 0.0512821 1.55718e-025 -7.86031e-026
2.3 0.0769231 6.99217e-024 -3.11374e-024
2.3 0.102564 2.06489e-022 -8.02004e-023
2.3 0.128205 4.51185e-021 -1.5052e-021
2.3 0.153846 7.78052e-020 -2.18312e-020
2.3 0.179487 1.10301e-018 -2.52603e-019
2.3 0.205128 1.32215e-017 -2.36128e-018
2.3 0.230769 1.36788e-016 -1.76544e-017
2.3 0.25641 1.24076e-015 -9.94793e-017
2.3 0.282051 9.98995e-015 -3.16626e-016
2.3 0.307692 7.21103e-014 1.19756e-015
2.3 0.333333 4.7049e-013 3.05592e-014
2.3 0.358974 2.79382e-012 3.17271e-013
2.3 0.384615 1.51868e-011 2.47033e-012
2.3 0.410256 7.59483e-011 1.61383e-011
2.3 0.435897 3.50933e-010 9.23971e-011
2.3 0.461538 1.5039e-009 4.74218e-010
2.3 0.487179 5.99698e-009 2.2122e-009
2.3 0.512821 2.23169e-008 9.46872e-009
2.3 0.538462 7.77047e-008 3.74438e-008
2.3 0.564103 2.53729e-007 1.37534e-007
2.3 0.589744 7.7857e-007 4.71248e-007
2.3 0.615385 2.2492e-006 1.51161e-006
2.3 0.641026 6.12743e-006 4.55295e-006
2.3 0.666667 1.57648e-005 1.29103e-005
2.3 0.692308 3.83559e-005 3.45429e-005
2.3 0.717949 8.83527e-005 8.73866e-005
2.3 0.74359 0.000192887 0.000209403
2.3 0.769231 0.000399461 0.000476095
2.3 0.794872 0.000785375 0.00102858
2.3 0.820513 0.00146688 0.0021146
2.3 0.846154 0.00260405 0.00414233
2.3 0.871795 0.00439552 0.00774164
2.3 0.897436 0.00705609 0.0138205
2.3 0.923077 0.0107725 0.0235956
2.3 0.948718 0.0156375 0.0385718
2.3 0.974359 0.0215711 0.0604446
2.3 1 0.0282478 0.0909122
2.4 0 0 0
2.4 0.025641 9.35401e-029 -9.83512e-029
2.4 0.0512821 9.08581e-027 -8.66932e-027
2.4 0.0769231 4.34806e-025 -3.76347e-025
2.4 0.102564 1.36729e-023 -1.07214e-023
2.4 0.128205 3.17912e-022 -2.25313e-022
2.4 0.153846 5.83101e-021 -3.72233e-021
2.4 0.179487 8.78934e-020 -5.02984e-020
2.4 0.205128 1.12e-018 -5.70938e-019
2.4 0.230769 1.23173e-017 -5.54658e-018
2.4 0.25641 1.18769e-016 -4.67259e-017
2.4 0.282051 1.01667e-015 -3.44334e-016
2.4 0.307692 7.80398e-015 -2.23e-015
2.4 0.333333 5.41629e-014 -1.26899e-014
2.4 0.358974 3.42256e-013 -6.29814e-014
2.4 0.384615 1.9807e-012 -2.66738e-013
2.4 0.410256 1.05512e-011 -9.07361e-013
2.4 0.435897 5.19636e-011 -1.96271e-012
2.4 0.461538 2.37509e-010 2.42969e-012
2.4 0.487179 1.0109e-009 5.8857e-011
2.4 0.512821 4.01869e-009 4.27674e-010
2.4 0.538462 1.49612e-008 2.31964e-009
2.4 0.564103 5.22865e-008 1.06828e-008
2.4 0.589744 1.71905e-007 4.37431e-008
2.4 0.615385 5.32728e-007 1.62874e-007
2.4 0.641026 1.55885e-006 5.58692e-007
2.4 0.666667 4.31399e-006 1.78057e-006
2.4 0.692308 1.13074e-005 5.30414e-006
2.4 0.717949 2.81084e-005 1.48349e-005
2.4 0.74359 6.6348e-005 3.90934e-005
2.4 0.769231 0.000148876 9.73445e-005
2.4 0.794872 0.000317892 0.000229591
2.4 0.820513 0.000646553 0.00051396
2.4 0.846154 0.00125368 0.00109401
2.4 0.871795 0.00231946 0.00221788
2.4 0.897436 0.00409772 0.0042886
2.4 0.923077 0.00691788 0.0079205
2.4 0.948718 0.0111682 0.0139896
2.4 0.974359 0.0172533 0.02366
2.4 1 0.0255228 0.0383621
2.5 0 0 0
2.5 0.025641 4.20493e-030 -8.36378e-030
2.5 0.0512821 4.43789e-028 -7.85208e-028
2.5 0.0769231 2.29627e-026 -3.63857e-026
2.5 0.102564 7.77767e-025 -1.10934e-024
2.5 0.128205 1.94208e-023 -2.50267e-023
2.5 0.153846 3.81641e-022 -4.45485e-022
2.5 0.179487 6.15199e-021 -6.51492e-021
2.5 0.205128 8.3713e-020 -8.04766e-020
2.5 0.230769 9.81994e-019 -8.56722e-019
2.5 0.25641 1.00909e-017 -7.97973e-018
2.5 0.282051 9.19937e-017 -6.57937e-017
2.5 0.307692 7.51675e-016 -4.84615e-016
2.5 0.333333 5.5515e-015 -3.21173e-015
2.5 0.358974 3.73224e-014 -1.92581e-014
2.5 0.384615 2.29782e-013 -1.04904e-013
2.5 0.410256 1.30223e-012 -5.20482e-013
2.5 0.435897 6.82388e-012 -2.35443e-012
2.5 0.461538 3.31931e-011 -9.69923e-012
2.5 0.487179 1.50397e-010 -3.62303e-011
2.5 0.512821 6.36697e-010 -1.21494e-010
2.5 0.538462 2.52535e-009 -3.57862e-010
2.5 0.564103 9.4074e-009 -8.77934e-010
2.5 0.589744 3.29867e-008 -1.49896e-009
2.5 0.615385 1.09094e-007 2.35085e-010
2.5 0.641026 3.40916e-007 1.6934e-008
2.5 0.666667 1.00832e-006 9.81243e-008
2.5 0.692308 2.82694e-006 4.10716e-007
2.5 0.717949 7.5233e-006 1.45797e-006
2.5 0.74359 1.90299e-005 4.62521e-006
2.5 0.769231 4.58054e-005 1.34336e-005
2.5 0.794872 0.000105035 3.62058e-005
2.5 0.820513 0.000229687 9.13194e-005
2.5 0.846154 0.000479454 0.0002168
2.5 0.871795 0.000956236 0.000486525
2.5 0.897436 0.00182377 0.00103541
2.5 0.923077 0.00332909 0.00209516
2.5 0.948718 0.00582084 0.00403983
2.5 0.974359 0.00975655 0.00743643
2.5 1 0.0156893 0.01309
2.6 0 0 0
2.6 0.025641 1.09779e-031 -6.35861e-031
2.6 0.0512821 1.40836e-029 -6.30829e-029
2.6 0.0769231 8.50115e-028 -3.09211e-027
2.6 0.102564 3.2741e-026 -9.98323e-026
2.6 0.128205 9.13813e-025 -2.38807e-024
2.6 0.153846 1.98323e-023 -4.51375e-023
2.6 0.179487 3.49996e-022 -7.02086e-022
2.6 0.205128 5.18008e-021 -9.24163e-021
2.6 0.230769 6.57637e-020 -1.05067e-019
2.6 0.25641 7.28572e-019 -1.04778e-018
2.6 0.282051 7.13929e-018 -9.27741e-018
2.6 0.307692 6.2554e-017 -7.36473e-017
2.6 0.333333 4.94484e-016 -5.28323e-016
2.6 0.358974 3.55294e-015 -3.44739e-015
2.6 0.384615 2.33512e-014 -2.05724e-014
2.6 0.410256 1.41146e-013 -1.12784e-013
2.6 0.435897 7.88324e-013 -5.70161e-013
2.6 0.461538 4.08506e-012 -2.66599e-012
2.6 0.487179 1.97114e-011 -1.15577e-011
2.6 0.512821 8.88486e-011 -4.65359e-011
2.6 0.538462 3.75178e-010 -1.74203e-010
2.6 0.564103 1.48795e-009 -6.06385e-010
2.6 0.589744 5.55523e-009 -1.96092e-009
2.6 0.615385 1.95653e-008 -5.87596e-009
2.6 0.641026 6.51277e-008 -1.6232e-008
2.6 0.666667 2.05253e-007 -4.09329e-008
2.6 0.692308 6.13404e-007 -9.2409e-008
2.6 0.717949 1.74088e-006 -1.78733e-007
2.6 0.74359 4.6983e-006 -2.59651e-007
2.6 0.769231 1.20726e-005 -9.94248e-008
2.6 0.794872 2.95701e-005 1.14184e-006
2.6 0.820513 6.91137e-005 5.90746e-006
2.6 0.846154 0.000154303 2.04494e-005
2.6 0.871795 0.000329381 5.92742e-005
2.6 0.897436 0.000672864 0.000153375
2.6 0.923077 0.00131655 0.00036425
2.6 0.948718 0.00246938 0.000805823
2.6 0.974359 0.00444355 0.00167566
2.6 1 0.00767727 0.00329497
2.7 0 0 0
2.7 0.025641 -5.52588e-033 -4.41212e-032
2.7 0.0512821 -3.49985e-031 -4.61048e-030
2.7 0.0769231 -6.42623e-030 -2.38137e-028
2.7 0.102564 1.76441e-028 -8.10588e-027
2.7 0.128205 1.44363e-026 -2.04545e-025
2.7 0.153846 4.88427e-025 -4.08119e-024
2.7 0.179487 1.1354e-023 -6.70625e-023
2.7 0.205128 2.05065e-022 -9.33373e-022
2.7 0.230769 3.04513e-021 -1.1231e-020
2.7 0.25641 3.8436e-020 -1.18671e-019
2.7 0.282051 4.21659e-019 -1.11473e-018
2.7 0.307692 4.08581e-018 -9.40127e-018
2.7 0.333333 3.54018e-017 -7.17658e-017
2.7 0.358974 2.76968e-016 -4.99231e-016
2.7 0.384615 1.97207e-015 -3.18287e-015
2.7 0.410256 1.28635e-014 -1.86888e-014
2.7 0.435897 7.72939e-014 -1.01485e-013
2.7 0.461538 4.29878e-013 -5.11492e-013
2.7 0.487179 2.22201e-012 -2.40017e-012
2.7 0.512821 1.07129e-011 -1.05141e-011
2.7 0.538462 4.83295e-011 -4.30949e-011
2.7 0.564103 2.04589e-010 -1.65593e-010
2.7 0.589744 8.14725e-010 -5.97465e-010
2.7 0.615385 3.05903e-009 -2.02668e-009
2.7 0.641026 1.08515e-008 -6.46916e-009
2.7 0.666667 3.64364e-008 -1.94407e-008
2.7 0.692308 1.16e-007 -5.50014e-008
2.7 0.717949 3.50698e-007 -1.46406e-007
2.7 0.74359 1.00827e-006 -3.66106e-007
2.7 0.769231 2.76036e-006 -8.57616e-007
2.7 0.794872 7.20484e-006 -1.87268e-006
2.7 0.820513 1.79493e-005 -3.77861e-006
2.7 0.846154 4.27263e-005 -6.93143e-006
2.7 0.871795 9.72741e-005 -1.11706e-005
2.7 0.897436 0.000212012 -1.4445e-005
2.7 0.923077 0.000442763 -9.70998e-006
2.7 0.948718 0.000886736 2.12334e-005
2.7 0.974359 0.00170445 0.00011873
2.7 1 0.00314688 0.000363035
2.8 0 0 0
2.8 0.025641 -1.25203e-033 -2.79722e-033
2.8 0.0512821 -1.20044e-031 -3.0776e-031
2.8 0.0769231 -5.60183e-030 -1.67363e-029
2.8 0.102564 -1.68663e-028 -5.99815e-028
2.8 0.128205 -3.65257e-027 -1.59384e-026
2.8 0.153846 -5.9733e-026 -3.34942e-025
2.8 0.179487 -7.44704e-025 -5.79843e-024
2.8 0.205128 -6.73564e-024 -8.50527e-023
2.8 0.230769 -3.27841e-023 -1.07904e-021
2.8 0.25641 2.1931e-022 -1.20274e-020
2.8 0.282051 7.97609e-021 -1.19251e-019
2.8 0.307692 1.23008e-019 -1.06226e-018
2.8 0.333333 1.41604e-018 -8.57121e-018
2.8 0.358974 1.35844e-017 -6.30785e-017
2.8 0.384615 1.13493e-016 -4.25866e-016
2.8 0.410256 8.45381e-016 -2.65083e-015
2.8 0.435897 5.69726e-015 -1.52786e-014
2.8 0.461538 3.50942e-014 -8.18471e-014
2.8 0.487179 1.9909e-013 -4.08861e-013
2.8 0.512821 1.04636e-012 -1.9101e-012
2.8 0.538462 5.11933e-012 -8.36678e-012
2.8 0.564103 2.34088e-011 -3.44401e-011
2.8 0.589744 1.00381e-010 -1.33489e-010
2.8 0.615385 4.04855e-010 -4.88057e-010
2.8 0.641026 1.5397e-009 -1.68582e-009
2.8 0.666667 5.53404e-009 -5.50881e-009
2.8 0.692308 1.88363e-008 -1.70494e-008
2.8 0.717949 6.08253e-008 -5.00244e-008
2.8 0.74359 1.86646e-007 -1.39253e-007
2.8 0.769231 5.45065e-007 -3.67972e-007
2.8 0.794872 1.51693e-006 -9.23284e-007
2.8 0.820513 4.02826e-006 -2.19971e-006
2.8 0.846154 1.0219e-005 -4.97439e-006
2.8 0.871795 2.47916e-005 -1.0668e-005
2.8 0.897436 5.75766e-005 -2.16624e-005
2.8 0.923077 0.000128127 -4.15414e-005
2.8 0.948718 0.000273448 -7.49124e-005
2.8 0.974359 0.000560165 -0.000126133
2.8 1 0.00110234 -0.000195814
2.9 0 0 0
2.9 0.025641 -1.38967e-034 -1.5921e-034
2.9 0.0512821 -1.46187e-032 -1.85054e-032
2.9 0.0769231 -7.57697e-031 -1.06223e-030
2.9 0.102564 -2.57754e-029 -4.01571e-029
2.9 0.128205 -6.46671e-028 -1.12501e-027
2.9 0.153846 -1.27442e-026 -2.49164e-026
2.9 0.179487 -2.051e-025 -4.5449e-025
2.9 0.205128 -2.76518e-024 -7.02323e-024
2.9 0.230769 -3.17618e-023 -9.38646e-023
2.9 0.25641 -3.14008e-022 -1.10223e-021
2.9 0.282051 -2.6818e-021 -1.15145e-020
2.9 0.307692 -1.9688e-020 -1.08091e-019
2.9 0.333333 -1.21658e-019 -9.19381e-019
2.9 0.358974 -5.93604e-019 -7.13479e-018
2.9 0.384615 -1.75434e-018 -5.08164e-017
2.9 0.410256 4.65103e-018 -3.33858e-016
2.9 0.435897 1.26786e-016 -2.03217e-015
2.9 0.461538 1.27788e-015 -1.15044e-014
2.9 0.487179 9.73802e-015 -6.07773e-014
2.9 0.512821 6.31321e-014 -3.00534e-013
2.9 0.538462 3.63807e-013 -1.39468e-012
2.9 0.564103 1.90484e-012 -6.08866e-012
2.9 0.589744 9.18027e-012 -2.50588e-011
2.9 0.615385 4.10768e-011 -9.74145e-011
2.9 0.641026 1.71695e-010 -3.58314e-010
2.9 0.666667 6.73533e-010 -1.24899e-009
2.9 0.692308 2.4889e-009 -4.13159e-009
2.9 0.717949 8.6898e-009 -1.29864e-008
2.9 0.74359 2.87387e-008 -3.88295e-008
2.9 0.769231 9.0223e-008 -1.10554e-007
2.9 0.794872 2.69389e-007 -2.99994e-007
2.9 0.820513 7.66263e-007 -7.76438e-007
2.9 0.846154 2.07948e-006 -1.91796e-006
2.9 0.871795 5.39125e-006 -4.52416e-006
2.9 0.897436 1.33694e-005 -1.01946e-005
2.9 0.923077 3.17471e-005 -2.19499e-005
2.9 0.948718 7.22626e-005 -4.51597e-005
2.9 0.974359 0.000157817 -8.87677e-005
2.9 1 0.000330989 -0.000166629
3 0 0 0
3 0.025641 -1.23841e-035 -7.70041e-036
3 0.0512821 -1.38379e-033 -9.57532e-034
3 0.0769231 -7.64104e-032 -5.86097e-032
3 0.102564 -2.77912e-030 -2.35659e-030
3 0.128205 -7.48734e-029 -7.00722e-029
3 0.153846 -1.59314e-027 -1.64444e-027
3 0.179487 -2.78735e-026 -3.17408e-026
3 0.205128 -4.12203e-025 -5.18473e-025
3 0.230769 -5.25589e-024 -7.31839e-024
3 0.25641 -5.86465e-023 -9.07026e-023
3 0.282051 -5.79162e-022 -9.99559e-022
3 0.307692 -5.10569e-021 -9.89475e-021
3 0.333333 -4.04373e-020 -8.87272e-020
3 0.358974 -2.88994e-019 -7.25812e-019
3 0.384615 -1.86804e-018 -5.44887e-018
3 0.410256 -1.09191e-017 -3.77347e-017
3 0.435897 -5.74937e-017 -2.4214e-016
3 0.461538 -2.69938e-016 -1.44539e-015
3 0.487179 -1.10373e-015 -8.05366e-015
3 0.512821 -3.69985e-015 -4.20169e-014
3 0.538462 -8.13923e-015 -2.05809e-013
3 0.564103 8.26064e-015 -9.48812e-013
3 0.589744 2.34882e-013 -4.12602e-012
3 0.615385 1.78632e-012 -1.69584e-011
3 0.641026 1.01739e-011 -6.59973e-011
3 0.666667 4.96004e-011 -2.43598e-010
3 0.692308 2.1689e-010 -8.5404e-010
3 0.717949 8.69876e-010 -2.84796e-009
3 0.74359 3.24096e-009 -9.04453e-009
3 0.769231 1.1309e-008 -2.73861e-008
3 0.794872 3.7168e-008 -7.91448e-008
3 0.820513 1.15534e-007 -2.18512e-007
3 0.846154 3.4076e-007 -5.76858e-007
3 0.871795 9.56093e-007 -1.45728e-006
3 0.897436 2.55735e-006 -3.52542e-006
3 0.923077 6.53278e-006 -8.17234e-006
3 0.948718 1.59625e-005 -1.81634e-005
3 0.974359 3.73583e-005 -3.87234e-005
3 1 8.38465e-005 -7.92238e-005
3.1 0 0 0
3.1 0.025641 -9.73207e-037 -2.58583e-037
3.1 0.0512821 -1.14356e-034 -3.64613e-035
3.1 0.0769231 -6.64793e-033 -2.48411e-033
3.1 0.102564 -2.54899e-031 -1.09743e-031
3.1 0.128205 -7.25074e-030 -3.55174e-030
3.1 0.153846 -1.63184e-028 -9.00877e-029
3.1 0.179487 -3.02613e-027 -1.86932e-027
3.1 0.205128 -4.75495e-026 -3.26889e-026
3.1 0.230769 -6.46081e-025 -4.92345e-025
3.1 0.25641 -7.70926e-024 -6.4941e-024
3.1 0.282051 -8.17638e-023 -7.60053e-023
3.1 0.307692 -7.78235e-022 -7.97712e-022
3.1 0.333333 -6.69962e-021 -7.57386e-021
3.1 0.358974 -5.24984e-020 -6.5529e-020
3.1 0.384615 -3.76413e-019 -5.19867e-019
3.1 0.410256 -2.47994e-018 -3.80198e-018
3.1 0.435897 -1.50638e-017 -2.57512e-017
3.1 0.461538 -8.45734e-017 -1.62185e-016
3.1 0.487179 -4.39589e-016 -9.5325e-016
3.1 0.512821 -2.11663e-015 -5.24515e-015
3.1 0.538462 -9.43484e-015 -2.70953e-014
3.1 0.564103 -3.88347e-014 -1.3174e-013
3.1 0.589744 -1.46792e-013 -6.04262e-013
3.1 0.615385 -5.03968e-013 -2.62008e-012
3.1 0.641026 -1.53623e-012 -1.07598e-011
3.1 0.666667 -3.93882e-012 -4.1922e-011
3.1 0.692308 -7.08649e-012 -1.55206e-010
3.1 0.717949 1.27988e-012 -5.46796e-010
3.1 0.74359 9.2255e-011 -1.83556e-009
3.1 0.769231 5.77937e-010 -5.87853e-009
3.1 0.794872 2.63809e-009 -1.79809e-008
3.1 0.820513 1.029e-008 -5.25828e-008
3.1 0.846154 3.61224e-008 -1.47158e-007
3.1 0.871795 1.16876e-007 -3.94474e-007
3.1 0.897436 3.5317e-007 -1.01368e-006
3.1 0.923077 1.00486e-006 -2.49895e-006
3.1 0.948718 2.70704e-006 -5.91424e-006
3.1 0.974359 6.93248e-006 -1.34463e-005
3.1 1 1.69277e-005 -2.93855e-005
3.2 0 0 0
3.2 0.025641 -6.9514e-038 2.52303e-039
3.2 0.0512821 -8.55554e-036 -1.07527e-037
3.2 0.0769231 -5.21208e-034 -3.20514e-035
3.2 0.102564 -2.09544e-032 -2.32003e-033
3.2 0.128205 -6.254e-031 -1.00364e-031
3.2 0.153846 -1.47792e-029 -3.11883e-030
3.2 0.179487 -2.88034e-028 -7.56462e-029
3.2 0.205128 -4.7612e-027 -1.5025e-027
3.2 0.230769 -6.81351e-026 -2.52215e-026
3.2 0.25641 -8.57399e-025 -3.65913e-025
3.2 0.282051 -9.60455e-024 -4.66566e-024
3.2 0.307692 -9.67247e-023 -5.297e-023
3.2 0.333333 -8.82832e-022 -5.41071e-022
3.2 0.358974 -7.3523e-021 -5.01523e-021
3.2 0.384615 -5.61866e-020 -4.2484e-020
3.2 0.410256 -3.95909e-019 -3.3088e-019
3.2 0.435897 -2.5828e-018 -2.38159e-018
3.2 0.461538 -1.56544e-017 -1.59131e-017
3.2 0.487179 -8.84163e-017 -9.90894e-017
3.2 0.512821 -4.66515e-016 -5.77007e-016
3.2 0.538462 -2.3043e-015 -3.15168e-015
3.2 0.564103 -1.06726e-014 -1.61918e-014
3.2 0.589744 -4.64072e-014 -7.84335e-014
3.2 0.615385 -1.89582e-013 -3.59024e-013
3.2 0.641026 -7.27728e-013 -1.55607e-012
3.2 0.666667 -2.62323e-012 -6.39753e-012
3.2 0.692308 -8.86508e-012 -2.49915e-011
3.2 0.717949 -2.79967e-011 -9.29033e-011
3.2 0.74359 -8.21436e-011 -3.29107e-010
3.2 0.769231 -2.21544e-010 -1.11242e-009
3.2 0.794872 -5.37955e-010 -3.59207e-009
3.2 0.820513 -1.12227e-009 -1.10928e-008
3.2 0.846154 -1.74308e-009 -3.27947e-008
3.2 0.871795 -5.09554e-010 -9.29056e-008
3.2 0.897436 1.06121e-008 -2.52429e-007
3.2 0.923077 5.90069e-008 -6.58346e-007
3.2 0.948718 2.2677e-007 -1.64937e-006
3.2 0.974359 7.38163e-007 -3.97232e-006
3.2 1 2.16137e-006 -9.20289e-006
3.3 0 0 0
3.3 0.025641 -4.54326e-039 1.56401e-039
3.3 0.0512821 -5.85171e-037 1.70041e-037
3.3 0.0769231 -3.73076e-035 8.89489e-036
3.3 0.102564 -1.56985e-033 2.94277e-034
3.3 0.128205 -4.90472e-032 6.73979e-033
3.3 0.153846 -1.21365e-030 1.06848e-031
3.3 0.179487 -2.47749e-029 9.68284e-031
3.3 0.205128 -4.29129e-028 -4.15658e-030
3.3 0.230769 -6.43804e-027 -3.76638e-028
3.3 0.25641 -8.49814e-026 -9.14372e-027
3.3 0.282051 -9.99219e-025 -1.57086e-025
3.3 0.307692 -1.05704e-023 -2.19425e-024
3.3 0.333333 -1.01433e-022 -2.62699e-023
3.3 0.358974 -8.89003e-022 -2.771e-022
3.3 0.384615 -7.15786e-021 -2.61998e-021
3.3 0.410256 -5.32084e-020 -2.2471e-020
3.3 0.435897 -3.66741e-019 -1.7639e-019
3.3 0.461538 -2.35257e-018 -1.27605e-018
3.3 0.487179 -1.40911e-017 -8.55555e-018
3.3 0.512821 -7.90338e-017 -5.34131e-017
3.3 0.538462 -4.16136e-016 -3.11738e-016
3.3 0.564103 -2.06143e-015 -1.70671e-015
3.3 0.589744 -9.62614e-015 -8.79132e-015
3.3 0.615385 -4.24432e-014 -4.27183e-014
3.3 0.641026 -1.76952e-013 -1.9627e-013
3.3 0.666667 -6.98406e-013 -8.54452e-013
3.3 0.692308 -2.61199e-012 -3.53128e-012
3.3 0.717949 -9.26263e-012 -1.38782e-011
3.3 0.74359 -3.11571e-011 -5.19475e-011
3.3 0.769231 -9.9412e-011 -1.85459e-010
3.3 0.794872 -3.00733e-010 -6.32338e-010
3.3 0.820513 -8.61612e-010 -2.06154e-009
3.3 0.846154 -2.33331e-009 -6.43368e-009
3.3 0.871795 -5.95259e-009 -1.92397e-008
3.3 0.897436 -1.42254e-008 -5.51854e-008
3.3 0.923077 -3.15354e-008 -1.51958e-007
3.3 0.948718 -6.36749e-008 -4.02029e-007
3.3 0.974359 -1.12606e-007 -1.02273e-006
3.3 1 -1.56371e-007 -2.50355e-006
3.4 0 0 0
3.4 0.025641 -2.68815e-040 1.94444e-040
3.4 0.0512821 -3.63148e-038 2.36646e-038
3.4 0.0769231 -2.42692e-036 1.41826e-036
3.4 0.102564 -1.06997e-034 5.57299e-035
3.4 0.128205 -3.50135e-033 1.61229e-033
3.4 0.153846 -9.07232e-032 3.65387e-032
3.4 0.179487 -1.93901e-030 6.73317e-031
3.4 0.205128 -3.5162e-029 1.03234e-029
3.4 0.230769 -5.52293e-028 1.33357e-028
3.4 0.25641 -7.63335e-027 1.45443e-027
3.4 0.282051 -9.39951e-026 1.32111e-026
3.4 0.307692 -1.0416e-024 9.50425e-026
3.4 0.333333 -1.04735e-023 4.43877e-025
3.4 0.358974 -9.62258e-023 -6.04415e-025
3.4 0.384615 -8.12562e-022 -4.46666e-023
3.4 0.410256 -6.33844e-021 -6.58665e-022
3.4 0.435897 -4.58745e-020 -7.03505e-021
3.4 0.461538 -3.09235e-019 -6.29382e-020
3.4 0.487179 -1.94804e-018 -4.96161e-019
3.4 0.512821 -1.15026e-017 -3.53288e-018
3.4 0.538462 -6.38308e-017 -2.30528e-017
3.4 0.564103 -3.33681e-016 -1.39173e-016
3.4 0.589744 -1.64671e-015 -7.82687e-016
3.4 0.615385 -7.68618e-015 -4.12169e-015
3.4 0.641026 -3.39897e-014 -2.0408e-014
3.4 0.666667 -1.42622e-013 -9.53277e-014
3.4 0.692308 -5.68611e-013 -4.21269e-013
3.4 0.717949 -2.15651e-012 -1.76551e-012
3.4 0.74359 -7.78837e-012 -7.03176e-012
3.4 0.769231 -2.68097e-011 -2.66652e-011
3.4 0.794872 -8.80255e-011 -9.64337e-011
3.4 0.820513 -2.75837e-010 -3.33088e-010
3.4 0.846154 -8.25279e-010 -1.10031e-009
3.4 0.871795 -2.35802e-009 -3.48039e-009
3.4 0.897436 -6.43397e-009 -1.05531e-008
3.4 0.923077 -1.67594e-008 -3.07058e-008
3.4 0.948718 -4.16461e-008 -8.58134e-008
3.4 0.974359 -9.86026e-008 -2.30551e-007
3.4 1 -2.21985e-007 -5.95949e-007
3.5 0 0 0
3.5 0.025641 -1.38568e-041 1.82221e-041
3.5 0.0512821 -1.98048e-039 2.35688e-039
3.5 0.0769231 -1.39725e-037 1.50738e-037
3.5 0.102564 -6.49168e-036 6.35354e-036
3.5 0.128205 -2.23545e-034 1.98455e-034
3.5 0.153846 -6.08817e-033 4.89708e-033
3.5 0.179487 -1.36639e-031 9.93726e-032
3.5 0.205128 -2.59997e-030 1.70415e-030
3.5 0.230769 -4.28255e-029 2.51853e-029
3.5 0.25641 -6.20419e-028 3.25403e-028
3.5 0.282051 -8.00502e-027 3.71481e-027
3.5 0.307692 -9.29267e-026 3.77566e-026
3.5 0.333333 -9.7871e-025 3.43326e-025
3.5 0.358974 -9.41784e-024 2.79852e-024
3.5 0.384615 -8.32961e-023 2.0411e-023
3.5 0.410256 -6.80617e-022 1.3215e-022
3.5 0.435897 -5.16085e-021 7.44402e-022
3.5 0.461538 -3.64565e-020 3.46404e-021
3.5 0.487179 -2.40747e-019 1.11357e-020
3.5 0.512821 -1.49075e-018 -3.40319e-021
3.5 0.538462 -8.67941e-018 -4.41118e-019
3.5 0.564103 -4.76302e-017 -4.74372e-018
3.5 0.589744 -2.46909e-016 -3.6747e-017
3.5 0.615385 -1.21148e-015 -2.40799e-016
3.5 0.641026 -5.63641e-015 -1.40717e-015
3.5 0.666667 -2.49061e-014 -7.51608e-015
3.5 0.692308 -1.04682e-013 -3.7206e-014
3.5 0.717949 -4.19066e-013 -1.72201e-013
3.5 0.74359 -1.59983e-012 -7.49726e-013
3.5 0.769231 -5.83076e-012 -3.08436e-012
3.5 0.794872 -2.03083e-011 -1.20317e-011
3.5 0.820513 -6.76569e-011 -4.46268e-011
3.5 0.846154 -2.15768e-010 -1.57749e-010
3.5 0.871795 -6.59186e-010 -5.32454e-010
3.5 0.897436 -1.93036e-009 -1.71896e-009
3.5 0.923077 -5.42124e-009 -5.31557e-009
3.5 0.948718 -1.46071e-008 -1.57651e-008
3.5 0.974359 -3.77709e-008 -4.4896e-008
3.5 1 -9.37437e-008 -1.22895e-007
3.6 0 0 0
3.6 0.025641 -5.49492e-043 1.47976e-042
3.6 0.0512821 -8.5882e-041 2.00712e-040
3.6 0.0769231 -6.56272e-039 1.3481e-038
3.6 0.102564 -3.27894e-037 5.97732e-037
3.6 0.128205 -1.20762e-035 1.96784e-035
3.6 0.153846 -3.5025e-034 5.12991e-034
3.6 0.179487 -8.34302e-033 1.10276e-032
3.6 0.205128 -1.68034e-031 2.01008e-031
3.6 0.230769 -2.92322e-030 3.17037e-030
3.6 0.25641 -4.46483e-029 4.39378e-029
3.6 0.282051 -6.06482e-028 5.41484e-028
3.6 0.307692 -7.40324e-027 5.99062e-027
3.6 0.333333 -8.19123e-026 5.99515e-026
3.6 0.358974 -8.27427e-025 5.46048e-025
3.6 0.384615 -7.67757e-024 4.54862e-024
3.6 0.410256 -6.5784e-023 3.47842e-023
3.6 0.435897 -5.22885e-022 2.44852e-022
3.6 0.461538 -3.871e-021 1.58897e-021
3.6 0.487179 -2.6786e-020 9.50781e-021
3.6 0.512821 -1.7379e-019 5.23663e-020
3.6 0.538462 -1.06021e-018 2.64247e-019
3.6 0.564103 -6.09691e-018 1.2097e-018
3.6 0.589744 -3.31255e-017 4.92124e-018
3.6 0.615385 -1.70391e-016 1.69434e-017
3.6 0.641026 -8.31327e-016 4.22282e-017
3.6 0.666667 -3.85374e-015 9.27179e-018
3.6 0.692308 -1.70002e-014 -7.81297e-016
3.6 0.717949 -7.14669e-014 -6.75512e-015
3.6 0.74359 -2.86686e-013 -4.11423e-014
3.6 0.769231 -1.0987e-012 -2.12226e-013
3.6 0.794872 -4.02716e-012 -9.81508e-013
3.6 0.820513 -1.41323e-011 -4.17547e-012
3.6 0.846154 -4.75246e-011 -1.65695e-011
3.6 0.871795 -1.53282e-010 -6.18684e-011
3.6 0.897436 -4.74537e-010 -2.18632e-010
3.6 0.923077 -1.41112e-009 -7.34293e-010
3.6 0.948718 -4.03318e-009 -2.35131e-009
3.6 0.974359 -1.10861e-008 -7.19649e-009
3.6 1 -2.93208e-008 -2.1095e-008
3.7 0 0 0
3.7 0.025641 -6.57107e-045 1.08589e-043
3.7 0.0512821 -1.6868e-042 1.53695e-041
3.7 0.0769231 -1.71897e-040 1.07783e-039
3.7 0.102564 -1.04837e-038 4.99307e-038
3.7 0.128205 -4.49397e-037 1.71882e-036
3.7 0.153846 -1.47363e-035 4.68945e-035
3.7 0.179487 -3.89335e-034 1.05615e-033
3.7 0.205128 -8.582e-033 2.01937e-032
3.7 0.230769 -1.61823e-031 3.34571e-031
3.7 0.25641 -2.65967e-030 4.87874e-030
3.7 0.282051 -3.86615e-029 6.3385e-029
3.7 0.307692 -5.02857e-028 7.4096e-028
3.7 0.333333 -5.90815e-027 7.85648e-027
3.7 0.358974 -6.32011e-026 7.60653e-026
3.7 0.384615 -6.19663e-025 6.76242e-025
3.7 0.410256 -5.60031e-024 5.54657e-024
3.7 0.435897 -4.68843e-023 4.21392e-023
3.7 0.461538 -3.65142e-022 2.9754e-022
3.7 0.487179 -2.65551e-021 1.95801e-021
3.7 0.512821 -1.80939e-020 1.20359e-020
3.7 0.538462 -1.15852e-019 6.92297e-020
3.7 0.564103 -6.98909e-019 3.73057e-019
3.7 0.589744 -3.98216e-018 1.88437e-018
3.7 0.615385 -2.14753e-017 8.92015e-018
3.7 0.641026 -1.09834e-016 3.95213e-017
3.7 0.666667 -5.33694e-016 1.63418e-016
3.7 0.692308 -2.46782e-015 6.27213e-016
3.7 0.717949 -1.08756e-014 2.21202e-015
3.7 0.74359 -4.5742e-014 7.02745e-015
3.7 0.769231 -1.83843e-013 1.92345e-014
3.7 0.794872 -7.06901e-013 3.96781e-014
3.7 0.820513 -2.60329e-012 2.06142e-014
3.7 0.846154 -9.19123e-012 -3.69774e-013
3.7 0.871795 -3.11398e-011 -2.75714e-012
3.7 0.897436 -1.01327e-010 -1.39053e-011
3.7 0.923077 -3.16914e-010 -5.91161e-011
3.7 0.948718 -9.53437e-010 -2.25672e-010
3.7 0.974359 -2.76103e-009 -7.95059e-010
3.7 1 -7.70113e-009 -2.62304e-009
3.8 0 0 0
3.8 0.025641 1.74839e-045 7.28999e-045
3.8 0.0512821 2.02741e-043 1.07512e-042
3.8 0.0769231 1.08652e-041 7.85687e-041
3.8 0.102564 3.36533e-040 3.79357e-039
3.8 0.128205 5.39079e-039 1.36145e-037
3.8 0.153846 -3.60059e-038 3.87369e-036
3.8 0.179487 -5.29693e-036 9.10198e-035
3.8 0.205128 -1.94987e-034 1.81655e-033
3.8 0.230769 -4.93388e-033 3.14332e-032
3.8 0.25641 -9.93132e-032 4.79038e-031
3.8 0.282051 -1.68377e-030 6.50954e-030
3.8 0.307692 -2.47971e-029 7.96623e-029
3.8 0.333333 -3.2351e-028 8.85182e-028
3.8 0.358974 -3.79098e-027 8.99212e-027
3.8 0.384615 -4.03188e-026 8.39954e-026
3.8 0.410256 -3.92379e-025 7.25041e-025
3.8 0.435897 -3.51746e-024 5.80814e-024
3.8 0.461538 -2.92061e-023 4.33396e-023
3.8 0.487179 -2.25668e-022 3.02208e-022
3.8 0.512821 -1.62918e-021 1.97477e-021
3.8 0.538462 -1.10278e-020 1.21222e-020
3.8 0.564103 -7.02051e-020 7.00514e-020
3.8 0.589744 -4.21496e-019 3.8178e-019
3.8 0.615385 -2.39235e-018 1.96532e-018
3.8 0.641026 -1.28651e-017 9.56787e-018
3.8 0.666667 -6.56778e-017 4.40923e-017
3.8 0.692308 -3.18877e-016 1.9246e-016
3.8 0.717949 -1.47482e-015 7.95861e-016
3.8 0.74359 -6.50756e-015 3.117e-015
3.8 0.769231 -2.7432e-014 1.15515e-014
3.8 0.794872 -1.10613e-013 4.04333e-014
3.8 0.820513 -4.27146e-013 1.33239e-013
3.8 0.846154 -1.58137e-012 4.1105e-013
3.8 0.871795 -5.61846e-012 1.17565e-012
3.8 0.897436 -1.91747e-011 3.0603e-012
3.8 0.923077 -6.29139e-011 6.96707e-012
3.8 0.948718 -1.98618e-010 1.23993e-011
3.8 0.974359 -6.0377e-010 8.71821e-012
3.8 1 -1.76852e-009 -5.91463e-011
3.9 0 0 0
3.9 0.025641 2.62076e-046 4.45378e-046
3.9 0.0512821 3.59231e-044 6.85373e-044
3.9 0.0769231 2.41926e-042 5.22405e-042
3.9 0.102564 1.06464e-040 2.63001e-040
3.9 0.128205 3.43208e-039 9.83932e-039
3.9 0.153846 8.60047e-038 2.91803e-037
3.9 0.179487 1.73105e-036 7.14626e-036
3.9 0.205128 2.83923e-035 1.48656e-034
3.9 0.230769 3.77376e-034 2.6814e-033
3.9 0.25641 3.8858e-033 4.26047e-032
3.9 0.282051 2.54477e-032 6.03755e-031
3.9 0.307692 -5.14041e-032 7.70773e-030
3.9 0.333333 -4.95899e-030 8.9381e-029
3.9 0.358974 -9.90885e-029 9.48031e-028
3.9 0.384615 -1.42493e-027 9.25149e-027
3.9 0.410256 -1.70501e-026 8.34842e-026
3.9 0.435897 -1.78704e-025 6.9968e-025
3.9 0.461538 -1.68293e-024 5.46709e-024
3.9 0.487179 -1.44577e-023 3.99607e-023
3.9 0.512821 -1.14454e-022 2.74042e-022
3.9 0.538462 -8.41101e-022 1.76788e-021
3.9 0.564103 -5.77021e-021 1.07537e-020
3.9 0.589744 -3.71203e-020 6.18066e-020
3.9 0.615385 -2.24758e-019 3.36275e-019
3.9 0.641026 -1.28487e-018 1.73481e-018
3.9 0.666667 -6.95352e-018 8.49849e-018
3.9 0.692308 -3.57086e-017 3.95841e-017
3.9 0.717949 -1.74365e-016 1.75497e-016
3.9 0.74359 -8.11081e-016 7.41292e-016
3.9 0.769231 -3.60001e-015 2.98545e-015
3.9 0.794872 -1.52697e-014 1.14702e-014
3.9 0.820513 -6.19769e-014 4.2055e-014
3.9 0.846154 -2.41016e-013 1.47159e-013
3.9 0.871795 -8.99029e-013 4.91334e-013
3.9 0.897436 -3.22009e-012 1.56423e-012
3.9 0.923077 -1.10854e-011 4.74273e-012
3.9 0.948718 -3.67125e-011 1.36669e-011
3.9 0.974359 -1.17063e-010 3.73065e-011
3.9 1 -3.59669e-010 9.59452e-011
4 0 0 0
4 0.025641 2.6272e-047 2.40884e-047
4 0.0512821 3.8472e-045 3.89214e-045
4 0.0769231 2.78591e-043 3.11014e-043
4 0.102564 1.32939e-041 1.63942e-041
4 0.128205 4.69953e-040 6.41515e-040
4 0.153846 1.31167e-038 1.98826e-038
4 0.179487 3.00764e-037 5.08518e-037
4 0.205128 5.81957e-036 1.10412e-035
4 0.230769 9.68246e-035 2.07789e-034
4 0.25641 1.40372e-033 3.44354e-033
4 0.282051 1.78927e-032 5.08862e-032
4 0.307692 2.01529e-031 6.77333e-031
4 0.333333 2.0066e-030 8.18907e-030
4 0.358974 1.7552e-029 9.05604e-029
4 0.384615 1.32323e-028 9.21507e-028
4 0.410256 8.1616e-028 8.67238e-027
4 0.435897 3.4209e-027 7.58207e-026
4 0.461538 -2.23712e-027 6.18213e-025
4 0.487179 -2.46857e-025 4.71716e-024
4 0.512821 -3.4209e-024 3.37861e-023
4 0.538462 -3.43047e-023 2.27767e-022
4 0.564103 -2.90706e-022 1.44877e-021
4 0.589744 -2.19278e-021 8.71386e-021
4 0.615385 -1.5088e-020 4.96577e-020
4 0.641026 -9.60367e-020 2.68597e-019
4 0.666667 -5.70576e-019 1.3812e-018
4 0.692308 -3.18411e-018 6.76223e-018
4 0.717949 -1.67682e-017 3.15626e-017
4 0.74359 -8.3636e-017 1.40613e-016
4 0.769231 -3.96261e-016 5.98567e-016
4 0.794872 -1.78778e-015 2.43697e-015
4 0.820513 -7.69644e-015 9.4974e-015
4 0.846154 -3.1673e-014 3.54562e-014
4 0.871795 -1.24794e-013 1.26877e-013
4 0.897436 -4.71424e-013 4.35396e-013
4 0.923077 -1.70956e-012 1.43337e-012
4 0.948718 -5.958e-012 4.52789e-012
4 0.974359 -1.9976e-011 1.37249e-011
4 1 -6.44934e-011 3.99132e-011
4.1 0 0 0
4.1 0.025641 2.22042e-048 1.05959e-048
4.1 0.0512821 3.40741e-046 1.83655e-046
4.1 0.0769231 2.59069e-044 1.56513e-044
4.1 0.102564 1.30093e-042 8.75882e-043
4.1 0.128205 4.85275e-041 3.62566e-041
4.1 0.153846 1.43391e-039 1.18529e-039
4.1 0.179487 3.49492e-038 3.19021e-038
4.1 0.205128 7.22437e-037 7.27555e-037
4.1 0.230769 1.29229e-035 1.43592e-035
4.1 0.25641 2.03103e-034 2.49241e-034
4.1 0.282051 2.83768e-033 3.85362e-033
4.1 0.307692 3.55713e-032 5.36235e-032
4.1 0.333333 4.02966e-031 6.77288e-031
4.1 0.358974 4.14866e-030 7.82033e-030
4.1 0.384615 3.8978e-029 8.30517e-029
4.1 0.410256 3.35107e-028 8.1548e-028
4.1 0.435897 2.63921e-027 7.4369e-027
4.1 0.461538 1.90222e-026 6.32431e-026
4.1 0.487179 1.24954e-025 5.03274e-025
4.1 0.512821 7.40915e-025 3.75943e-024
4.1 0.538462 3.88323e-024 2.64349e-023
4.1 0.564103 1.70974e-023 1.75413e-022
4.1 0.589744 5.34504e-023 1.10092e-021
4.1 0.615385 -6.1459e-025 6.54866e-021
4.1 0.641026 -1.80106e-021 3.69876e-020
4.1 0.666667 -1.93691e-020 1.98703e-019
4.1 0.692308 -1.49154e-019 1.01688e-018
4.1 0.717949 -9.75671e-019 4.96441e-018
4.1 0.74359 -5.72502e-018 2.31505e-017
4.1 0.769231 -3.08941e-017 1.03243e-016
4.1 0.794872 -1.55448e-016 4.40804e-016
4.1 0.820513 -7.35602e-016 1.80362e-015
4.1 0.846154 -3.29304e-015 7.07864e-015
4.1 0.871795 -1.40053e-014 2.667e-014
4.1 0.897436 -5.67727e-014 9.65351e-014
4.1 0.923077 -2.19913e-013 3.35915e-013
4.1 0.948718 -8.1571e-013 1.12437e-012
4.1 0.974359 -2.9024e-012 3.62205e-012
4.1 1 -9.92129e-012 1.12343e-011
4.2 0 0 0
4.2 0.025641 1.68039e-049 2.51994e-050
4.2 0.0512821 2.68454e-047 5.3823e-048
4.2 0.0769231 2.12644e-045 5.3594e-046
4.2 0.102564 1.11343e-043 3.39461e-044
4.2 0.128205 4.33518e-042 1.55777e-042
4.2 0.153846 1.33863e-040 5.5653e-041
4.2 0.179487 3.41424e-039 1.6201e-039
4.2 0.205128 7.39728e-038 3.96558e-038
4.2 0.230769 1.38954e-036 8.35095e-037
4.2 0.25641 2.29847e-035 1.53958e-035
4.2 0.282051 3.38896e-034 2.51916e-034
4.2 0.307692 4.49774e-033 3.69901e-033
4.2 0.333333 5.41607e-032 4.91844e-032
4.2 0.358974 5.95655e-031 5.96722e-031
4.2 0.384615 6.01592e-030 6.64829e-030
4.2 0.410256 5.60515e-029 6.83961e-029
4.2 0.435897 4.83607e-028 6.52847e-028
4.2 0.461538 3.87577e-027 5.8058e-027
4.2 0.487179 2.89226e-026 4.82816e-026
4.2 0.512821 2.01323e-025 3.76693e-025
4.2 0.538462 1.30852e-024 2.76532e-024
4.2 0.564103 7.94261e-024 1.91511e-023
4.2 0.589744 4.49795e-023 1.25416e-022
4.2 0.615385 2.37013e-022 7.78312e-022
4.2 0.641026 1.15581e-021 4.58606e-021
4.2 0.666667 5.16238e-021 2.57027e-020
4.2 0.692308 2.0683e-020 1.37238e-019
4.2 0.717949 7.08548e-020 6.9916e-019
4.2 0.74359 1.78691e-019 3.4031e-018
4.2 0.769231 6.29272e-020 1.58459e-017
4.2 0.794872 -3.1444e-018 7.06652e-017
4.2 0.820513 -2.81362e-017 3.0214e-016
4.2 0.846154 -1.76221e-016 1.23981e-015
4.2 0.871795 -9.37184e-016 4.887e-015
4.2 0.897436 -4.48692e-015 1.85199e-014
4.2 0.923077 -1.98474e-014 6.75274e-014
4.2 0.948718 -8.22585e-014 2.37072e-013
4.2 0.974359 -3.22187e-013 8.01913e-013
4.2 1 -1.19941e-012 2.61505e-012
4.3 0 0 0
4.3 0.025641 1.16117e-050 -1.71765e-051
4.3 0.0512821 1.92687e-048 -1.89353e-049
4.3 0.0769231 1.58571e-046 -7.78302e-048
4.3 0.102564 8.62869e-045 -1.04531e-048
4.3 0.128205 3.49266e-043 1.70612e-044
4.3 0.153846 1.12169e-041 1.09996e-042
4.3 0.179487 2.97714e-040 4.39904e-041
4.3 0.205128 6.71653e-039 1.33116e-039
4.3 0.230769 1.31472e-037 3.28179e-038
4.3 0.25641 2.26811e-036 6.85713e-037
4.3 0.282051 3.49133e-035 1.2451e-035
4.3 0.307692 4.84311e-034 1.99953e-034
4.3 0.333333 6.10394e-033 2.87754e-033
4.3 0.358974 7.03734e-032 3.74917e-032
4.3 0.384615 7.46477e-031 4.45924e-031
4.3 0.410256 7.32093e-030 4.87488e-030
4.3 0.435897 6.66636e-029 4.92648e-029
4.3 0.461538 5.65669e-028 4.62497e-028
4.3 0.487179 4.48695e-027 4.05063e-027
4.3 0.512821 3.33605e-026 3.32189e-026
4.3 0.538462 2.33031e-025 2.55926e-025
4.3 0.564103 1.5323e-024 1.85769e-024
4.3 0.589744 9.50005e-024 1.27375e-023
4.3 0.615385 5.56036e-023 8.26911e-023
4.3 0.641026 3.07507e-022 5.0935e-022
4.3 0.666667 1.60759e-021 2.98253e-021
4.3 0.692308 7.94368e-021 1.66312e-020
4.3 0.717949 3.70726e-020 8.84552e-020
4.3 0.74359 1.63116e-019 4.49387e-019
4.3 0.769231 6.74407e-019 2.18373e-018
4.3 0.794872 2.60506e-018 1.01625e-017
4.3 0.820513 9.30418e-018 4.53441e-017
4.3 0.846154 3.01185e-017 1.94188e-016
4.3 0.871795 8.45388e-017 7.98974e-016
4.3 0.897436 1.80424e-016 3.16119e-015
4.3 0.923077 1.04293e-016 1.20377e-014
4.3 0.948718 -1.75064e-015 4.41527e-014
4.3 0.974359 -1.3751e-014 1.56102e-013
4.3 1 -7.28688e-014 5.3235e-013
4.4 0 0 0
4.4 0.025641 7.3286e-052 -3.46695e-052
4.4 0.0512821 1.26392e-049 -5.24076e-050
4.4 0.0769231 1.08074e-047 -3.8748e-048
4.4 0.102564 6.10937e-046 -1.85938e-046
4.4 0.128205 2.56878e-044 -6.46678e-045
4.4 0.153846 8.56949e-043 -1.71744e-043
4.4 0.179487 2.36277e-041 -3.5458e-042
4.4 0.205128 5.53818e-040 -5.56314e-041
4.4 0.230769 1.12654e-038 -5.78007e-040
4.4 0.25641 2.02018e-037 -4.85547e-040
4.4 0.282051 3.23359e-036 1.50357e-037
4.4 0.307692 4.66639e-035 4.46252e-036
4.4 0.333333 6.12151e-034 8.8905e-035
4.4 0.358974 7.35055e-033 1.43743e-033
4.4 0.384615 8.12662e-032 2.00607e-032
4.4 0.410256 8.31405e-031 2.48931e-031
4.4 0.435897 7.90532e-030 2.79481e-030
4.4 0.461538 7.01259e-029 2.87214e-029
4.4 0.487179 5.82288e-028 2.7245e-028
4.4 0.512821 4.53912e-027 2.40099e-027
4.4 0.538462 3.33049e-026 1.97583e-026
4.4 0.564103 2.3054e-025 1.52477e-025
4.4 0.589744 1.50858e-024 1.10741e-024
4.4 0.615385 9.34878e-024 7.59263e-024
4.4 0.641026 5.49525e-023 4.92741e-023
4.4 0.666667 3.06803e-022 3.03397e-022
4.4 0.692308 1.62881e-021 1.77616e-021
4.4 0.717949 8.2307e-021 9.90486e-021
4.4 0.74359 3.9616e-020 5.27044e-020
4.4 0.769231 1.81712e-019 2.68008e-019
4.4 0.794872 7.9444e-019 1.30426e-018
4.4 0.820513 3.3101e-018 6.08209e-018
4.4 0.846154 1.31359e-017 2.72102e-017
4.4 0.871795 4.95902e-017 1.16916e-016
4.4 0.897436 1.77716e-016 4.82973e-016
4.4 0.923077 6.02469e-016 1.91991e-015
4.4 0.948718 1.92086e-015 7.35071e-015
4.4 0.974359 5.70235e-015 2.7128e-014
4.4 1 1.54692e-014 9.65778e-014
4.5 0 0 0
4.5 0.025641 4.1464e-053 -3.75884e-053
4.5 0.0512821 7.46445e-051 -6.13125e-051
4.5 0.0769231 6.65517e-049 -4.94365e-049
4.5 0.102564 3.91932e-047 -2.62503e-047
4.5 0.128205 1.71553e-045 -1.0316e-045
4.5 0.153846 5.95432e-044 -3.19628e-044
4.5 0.179487 1.70727e-042 -8.11914e-043
4.5 0.205128 4.16003e-041 -1.73515e-041
4.5 0.230769 8.7945e-040 -3.17452e-040
4.5 0.25641 1.63877e-038 -5.02727e-039
4.5 0.282051 2.72544e-037 -6.92722e-038
4.5 0.307692 4.08647e-036 -8.28943e-037
4.5 0.333333 5.5702e-035 -8.49629e-036
4.5 0.358974 6.9508e-034 -7.15574e-035
4.5 0.384615 7.98762e-033 -4.3017e-034
4.5 0.410256 8.49639e-032 -4.25739e-034
4.5 0.435897 8.40254e-031 3.68167e-032
4.5 0.461538 7.75584e-030 7.20203e-031
4.5 0.487179 6.70464e-029 9.54445e-030
4.5 0.512821 5.4446e-028 1.04837e-028
4.5 0.538462 4.16461e-027 1.01494e-027
4.5 0.564103 3.00781e-026 8.90598e-027
4.5 0.589744 2.0556e-025 7.1951e-026
4.5 0.615385 1.33194e-024 5.40544e-025
4.5 0.641026 8.19699e-024 3.80255e-024
4.5 0.666667 4.79884e-023 2.5177e-023
4.5 0.692308 2.67639e-022 1.57529e-022
4.5 0.717949 1.42381e-021 9.34446e-022
4.5 0.74359 7.23327e-021 5.26932e-021
4.5 0.769231 3.51269e-020 2.83111e-020
4.5 0.794872 1.6321e-019 1.45219e-019
4.5 0.820513 7.26069e-019 7.12375e-019
4.5 0.846154 3.09456e-018 3.34722e-018
4.5 0.871795 1.26418e-017 1.50852e-017
4.5 0.897436 4.95142e-017 6.52904e-017
4.5 0.923077 1.85955e-016 2.71691e-016
4.5 0.948718 6.69544e-016 1.08813e-015
4.5 0.974359 2.31021e-015 4.19832e-015
4.5 1 7.63227e-015 1.56187e-014
4.6 0 0 0
4.6 0.025641 1.98471e-054 -3.31141e-054
4.6 0.0512821 3.78247e-052 -5.66479e-052
4.6 0.0769231 3.55715e-050 -4.80268e-050
4.6 0.102564 2.20315e-048 -2.6899e-048
4.6 0.128205 1.01179e-046 -1.11932e-046
4.6 0.153846 3.67734e-045 -3.6898e-045
4.6 0.179487 1.10236e-043 -1.00327e-043
4.6 0.205128 2.80454e-042 -2.31314e-042
4.6 0.230769 6.18371e-041 -4.61343e-041
4.6 0.25641 1.20072e-039 -8.07931e-040
4.6 0.282051 2.07936e-038 -1.25663e-038
4.6 0.307692 3.24457e-037 -1.75117e-037
4.6 0.333333 4.60037e-036 -2.20091e-036
4.6 0.358974 5.96916e-035 -2.50652e-035
4.6 0.384615 7.13082e-034 -2.59382e-034
4.6 0.410256 7.8836e-033 -2.44027e-033
4.6 0.435897 8.10269e-032 -2.08186e-032
4.6 0.461538 7.77267e-031 -1.59827e-031
4.6 0.487179 6.98337e-030 -1.08475e-030
4.6 0.512821 5.89468e-029 -6.23592e-030
4.6 0.538462 4.68773e-028 -2.66017e-029
4.6 0.564103 3.52089e-027 -2.80653e-029
4.6 0.589744 2.50327e-026 1.02065e-027
4.6 0.615385 1.68814e-025 1.51453e-026
4.6 0.641026 1.08183e-024 1.50476e-025
4.6 0.666667 6.59911e-024 1.24822e-024
4.6 0.692308 3.83757e-023 9.21556e-024
4.6 0.717949 2.13047e-022 6.22824e-023
4.6 0.74359 1.13058e-021 3.91237e-022
4.6 0.769231 5.74159e-021 2.30583e-021
4.6 0.794872 2.79341e-020 1.2832e-020
4.6 0.820513 1.30324e-019 6.77384e-020
4.6 0.846154 5.8355e-019 3.40387e-019
4.6 0.871795 2.50979e-018 1.63271e-018
4.6 0.897436 1.03753e-017 7.49258e-018
4.6 0.923077 4.12508e-017 3.2958e-017
4.6 0.948718 1.57817e-016 1.39188e-016
4.6 0.974359 5.81227e-016 5.65156e-016
4.6 1 2.0613e-015 2.20901e-015
4.7 0 0 0
4.7 0.025641 6.46039e-056 -2.58184e-055
4.7 0.0512821 1.39056e-053 -4.59171e-053
4.7 0.0769231 1.44625e-051 -4.05101e-051
4.7 0.102564 9.7637e-050 -2.36367e-049
4.7 0.128205 4.83669e-048 -1.02599e-047
4.7 0.153846 1.88148e-046 -3.53342e-046
4.7 0.179487 6.0008e-045 -1.00554e-044
4.7 0.205128 1.61679e-043 -2.43166e-043
4.7 0.230769 3.76142e-042 -5.09988e-042
4.7 0.25641 7.68371e-041 -9.42097e-041
4.7 0.282051 1.39652e-039 -1.55155e-039
4.7 0.307692 2.2825e-038 -2.30027e-038
4.7 0.333333 3.38442e-037 -3.09415e-037
4.7 0.358974 4.58637e-036 -3.80061e-036
4.7 0.384615 5.71591e-035 -4.28559e-035
4.7 0.410256 6.58676e-034 -4.45543e-034
4.7 0.435897 7.05114e-033 -4.28541e-033
4.7 0.461538 7.04087e-032 -3.82355e-032
4.7 0.487179 6.58177e-031 -3.17028e-031
4.7 0.512821 5.77836e-030 -2.44489e-030
4.7 0.538462 4.77813e-029 -1.75314e-029
4.7 0.564103 3.73098e-028 -1.1666e-028
4.7 0.589744 2.75747e-027 -7.17137e-028
4.7 0.615385 1.93303e-026 -4.03567e-027
4.7 0.641026 1.28777e-025 -2.04121e-026
4.7 0.666667 8.16721e-025 -8.90265e-026
4.7 0.692308 4.93898e-024 -2.96446e-025
4.7 0.717949 2.85212e-023 -3.2287e-025
4.7 0.74359 1.5749e-022 5.87921e-024
4.7 0.769231 8.32593e-022 7.17373e-023
4.7 0.794872 4.21893e-021 5.71266e-022
4.7 0.820513 2.05127e-020 3.80107e-021
4.7 0.846154 9.57885e-020 2.26166e-020
4.7 0.871795 4.29997e-019 1.2388e-019
4.7 0.897436 1.8571e-018 6.34302e-019
4.7 0.923077 7.72241e-018 3.06437e-018
4.7 0.948718 3.09397e-017 1.40541e-017
4.7 0.974359 1.19509e-016 6.14573e-017
4.7 1 4.45293e-016 2.57077e-016
4.8 0 0 0
4.8 0.025641 -9.20029e-058 -1.83176e-056
4.8 0.0512821 -4.02036e-057 -3.37624e-054
4.8 0.0769231 1.47639e-053 -3.08803e-052
4.8 0.102564 1.81285e-051 -1.86869e-050
4.8 0.128205 1.23432e-049 -8.41659e-049
4.8 0.153846 5.92808e-048 -3.00944e-047
4.8 0.179487 2.20899e-046 -8.89786e-046
4.8 0.205128 6.72928e-045 -2.23736e-044
4.8 0.230769 1.7328e-043 -4.88373e-043
4.8 0.25641 3.86083e-042 -9.39994e-042
4.8 0.282051 7.57319e-041 -1.61509e-040
4.8 0.307692 1.32542e-039 -2.50188e-039
4.8 0.333333 2.09184e-038 -3.52262e-038
4.8 0.358974 3.00319e-037 -4.53874e-037
4.8 0.384615 3.95057e-036 -5.38213e-036
4.8 0.410256 4.79087e-035 -5.9024e-035
4.8 0.435897 5.38424e-034 -6.01116e-034
4.8 0.461538 5.63324e-033 -5.70537e-033
4.8 0.487179 5.50858e-032 -5.06199e-032
4.8 0.512821 5.05228e-031 -4.20907e-031
4.8 0.538462 4.35963e-030 -3.28706e-030
4.8 0.564103 3.54922e-029 -2.41508e-029
4.8 0.589744 2.73286e-028 -1.67156e-028
4.8 0.615385 1.99473e-027 -1.09077e-027
4.8 0.641026 1.38298e-026 -6.71249e-027
4.8 0.666667 9.12486e-026 -3.89388e-026
4.8 0.692308 5.73916e-025 -2.12629e-025
4.8 0.717949 3.44636e-024 -1.08985e-024
4.8 0.74359 1.97872e-023 -5.21624e-024
4.8 0.769231 1.08766e-022 -2.30945e-023
4.8 0.794872 5.73079e-022 -9.28926e-023
4.8 0.820513 2.8976e-021 -3.26384e-022
4.8 0.846154 1.40741e-020 -8.96823e-022
4.8 0.871795 6.57319e-020 -9.92897e-022
4.8 0.897436 2.9546e-019 9.88024e-021
4.8 0.923077 1.27923e-018 1.0508e-019
4.8 0.948718 5.33906e-018 7.0067e-019
4.8 0.974359 2.14959e-017 3.88975e-018
4.8 1 8.35431e-017 1.93443e-017
4.9 0 0 0
4.9 0.025641 -4.28987e-058 -1.18894e-057
4.9 0.0512821 -6.9539e-056 -2.27079e-055
4.9 0.0769231 -5.45063e-054 -2.15189e-053
4.9 0.102564 -2.72097e-052 -1.34912e-051
4.9 0.128205 -9.51357e-051 -6.29553e-050
4.9 0.153846 -2.36321e-049 -2.33241e-048
4.9 0.179487 -3.71954e-048 -7.14662e-047
4.9 0.205128 -5.68557e-048 -1.86274e-045
4.9 0.230769 1.93502e-045 -4.21605e-044
4.9 0.25641 7.99972e-044 -8.41763e-043
4.9 0.282051 2.17048e-042 -1.501e-041
4.9 0.307692 4.70444e-041 -2.41448e-040
4.9 0.333333 8.69078e-040 -3.53258e-039
4.9 0.358974 1.41249e-038 -4.73347e-038
4.9 0.384615 2.05848e-037 -5.84284e-037
4.9 0.410256 2.72475e-036 -6.67727e-036
4.9 0.435897 3.30686e-035 -7.09554e-035
4.9 0.461538 3.70663e-034 -7.03754e-034
4.9 0.487179 3.85972e-033 -6.53637e-033
4.9 0.512821 3.75187e-032 -5.70153e-032
4.9 0.538462 3.41846e-031 -4.68265e-031
4.9 0.564103 2.92976e-030 -3.62921e-030
4.9 0.589744 2.36908e-029 -2.65953e-029
4.9 0.615385 1.81237e-028 -1.84591e-028
4.9 0.641026 1.31485e-027 -1.21525e-027
4.9 0.666667 9.06556e-027 -7.59807e-027
4.9 0.692308 5.95179e-026 -4.5159e-026
4.9 0.717949 3.72731e-025 -2.55329e-025
4.9 0.74359 2.23014e-024 -1.37388e-024
4.9 0.769231 1.27671e-023 -7.03589e-024
4.9 0.794872 7.00256e-023 -3.42797e-023
4.9 0.820513 3.68438e-022 -1.58733e-022
4.9 0.846154 1.8617e-021 -6.97265e-022
4.9 0.871795 9.04384e-021 -2.89625e-021
4.9 0.897436 4.22782e-020 -1.13147e-020
4.9 0.923077 1.90369e-019 -4.11868e-020
4.9 0.948718 8.26344e-019 -1.37295e-019
4.9 0.974359 3.4606e-018 -4.04015e-019
4.9 1 1.39923e-017 -9.50142e-019
5 0 0 0
5 0.025641 -5.22483e-059 -6.97455e-059
5 0.0512821 -9.34584e-057 -1.38456e-056
5 0.0769231 -8.25333e-055 -1.36268e-054
5 0.102564 -4.79155e-053 -8.86712e-053
5 0.128205 -2.05384e-051 -4.29243e-051
5 0.153846 -6.91717e-050 -1.64907e-049
5 0.179487 -1.9006e-048 -5.23801e-048
5 0.205128 -4.36167e-047 -1.415e-046
5 0.230769 -8.47309e-046 -3.31887e-045
5 0.25641 -1.39865e-044 -6.86644e-044
5 0.282051 -1.94299e-043 -1.26879e-042
5 0.307692 -2.1863e-042 -2.11513e-041
5 0.333333 -1.7361e-041 -3.20762e-040
5 0.358974 -2.30594e-041 -4.45607e-039
5 0.384615 2.49387e-039 -5.70445e-038
5 0.410256 6.27581e-038 -6.76359e-037
5 0.435897 1.06141e-036 -7.46038e-036
5 0.461538 1.47872e-035 -7.68497e-035
5 0.487179 1.80616e-034 -7.41819e-034
5 0.512821 1.99038e-033 -6.73036e-033
5 0.538462 2.01118e-032 -5.75478e-032
5 0.564103 1.88288e-031 -4.64846e-031
5 0.589744 1.64526e-030 -3.55477e-030
5 0.615385 1.34918e-029 -2.57854e-029
5 0.641026 1.04279e-028 -1.77723e-028
5 0.666667 7.62339e-028 -1.16572e-027
5 0.692308 5.28677e-027 -7.28657e-027
5 0.717949 3.48668e-026 -4.34573e-026
5 0.74359 2.19159e-025 -2.47558e-025
5 0.769231 1.3154e-024 -1.34824e-024
5 0.794872 7.55179e-024 -7.02533e-024
5 0.820513 4.15333e-023 -3.5046e-023
5 0.846154 2.19127e-022 -1.67444e-022
5 0.871795 1.11043e-021 -7.66404e-022
5 0.897436 5.41108e-021 -3.36044e-021
5 0.923077 2.53822e-020 -1.41106e-020
5 0.948718 1.14722e-019 -5.67007e-020
5 0.974359 5.00068e-019 -2.17757e-019
5 1 2.10395e-018 -7.9761e-019
